country|coviddeaths|fullvax|econsupport|gci|gci_institutions|population|grocerymob|retailmob|workmob|stringency|rgdpqoqsa
Argentina|2.591403995093569|0.19332324796233152|51.19699042407661|57.20132859|49.85289274|45.158628073871405|-2.715458276333789|-34.27359781121751|-11.140902872777017|70.4318194254446|0.7387183466757867
Australia|0.08802772467714405|0.3164230319129102|35.191518467852255|78.74662637|72.94070418|25.58299551983584|2.2544459644322847|-13.127222982216143|-15.336525307797537|58.7183584131327|0.5182966673050616
Austria|1.885350129042915|1.4258659092517183|85.73871409028727|76.60913087|73.53739093|8.916948904240767|-4.3023255813953485|-26.73187414500684|-24.299589603283174|57.16010943912449|0.19859144939808487
Belgium|2.4632118680533823|1.2292522746229795|70.46853625170999|76.38012249|69.46203893|11.50704492886457|1.8043775649794802|-20.432284541723668|-24.507523939808483|52.27987688098495|0.33495208300957585
Brazil|2.923312548800086|0.03824514313807117|26.043091655266757|60.92946772|48.05442926|211.7526955129959|17.08891928864569|-21.768809849521205|-3.924760601915185|59.17430916552667|0.18680473771545836
Bulgaria|4.470144896110065|0.5691069589965811|61.83310533515732|64.8950107|56.79991256|6.933884934336525|5.976744186046512|-16.352941176470587|-21.236662106703147|43.9577291381669|0.18339141737346104
Canada|0.7991875701000691|0.34358542890552807|50.35909712722298|79.59134442|74.07641648|37.98212321477428|-0.016415868673050615|-17.235294117647058|-28.266757865937073|63.93176470588236|0.16564593105335174
Chile|2.014939923648517|0.8816461308761545|58.190834473324216|70.53834933|63.893067640000005|19.390403729138164|-10.94938440492476|-33.16142270861833|-18.694938440492475|66.24612859097127|1.594744440259918
Colombia|2.596459030557105|0.10505868836895527|65.18467852257182|62.73161261|49.25432433999999|49.88564531874145|1.9261285909712722|-25.233926128590973|-15.243502051983585|62.461573187414494|1.1333911516689468
Croatia|3.097462612572082|1.2893064669143806|50.632694938440494|61.93813062|51.77383323|4.052031180574555|12.20109439124487|-6.614227086183311|-17.51846785225718|43.103077975376195|0.4726803737619699
Czech Republic|3.376875952383664|1.064567626769014|60.27701778385773|70.85279934|60.88830825000001|10.6976101874145|8.993160054719562|-18.75923392612859|-17.247606019151846|50.35039671682627|-0.054530029261285834
Denmark|0.5626095878251558|2.4339651067054042|50.17099863201094|81.17489789|77.39979262|5.8314614774281806|-1.2024623803009575|-3.4500683994528045|-21.644322845417236|47.557865937072506|0.7942566659644322
Estonia|1.452704161638397|8.3905111607975|39.77428180574555|70.90713997|70.22826735|1.3294816703146375|6.270861833105335|-7.901504787961696|-20.19151846785226|38.39990424076607|1.0572918053214775
Finland|0.3098892583983932|0.25841588219870165|64.53488372093024|80.24562972|81.21625946|5.529568079343365|2.4678522571819426|-11.779753761969904|-22.507523939808483|40.94316005471956|0.31500716559507524
France|1.8468117987158708|0.1877004803786179|50.23939808481532|78.80623971|70.03656263|67.54063264842682|2.4746922024623803|-23.56497948016416|-24.796169630642954|59.41432284541724|0.45117477682626556
Germany|1.3454194188940873|0.1546454376901586|36.627906976744185|81.79653719|72.38547748|83.18613543091655|3.960328317373461|-19.49658002735978|-18.48700410396717|59.41941176470588|0.008416473351573178
Ghana|0.041908311176089175|0.0013024191945758602|8.207934336525307|51.19611019|54.38782151|30.74584957592339|29.500683994528043|5.660738714090288|-7.928864569083447|42.27820793433652|0.7255602484131327
Greece|1.992406178482474|1.150318102483571|71.88782489740082|62.58073012|50.51004818|10.448219529411766|20.651162790697676|-17.082079343365255|-20.77838577291382|64.124268125855|0.2588694163748289
Hong Kong|0.02843510631311099|1.3378919045250717|78.07797537619699|83.142025|77.58023589|7.473501367989056|22.21203830369357|-16.170998632010942|-11.28454172366621|60.317537619699046|0.22161422708618336
Hungary|4.010758576223425|0.952796481630736|43.006155950752394|65.07507077|55.67443013|9.771085775649794|5.105335157318741|-7.759233926128591|-18.593707250341996|48.26320109439125|0.7177838577291382
Ireland|1.1904842704221699|2.8747719693012415|87.68809849521203|75.11621341|72.97659545|4.968223529411765|3.471956224350205|-28.054719562243502|-31.419972640218877|58.4212585499316|1.927298729507524
Israel|0.8931318438087728|1.994099581200018|73.70041039671683|76.74390743|65.64441269|9.21547537619699|1.768809849521204|-21.991792065663475|-23.640218878248973|56.97854993160055|1.4252038142681258
Italy|2.2707667272330845|0.2238607473131643|64.39808481532148|71.52828147|58.55356128999999|60.50589962790698|-3.0930232558139537|-21.79890560875513|-23.800273597811216|68.61623803009576|0.29361479930232565
Japan|0.14624271957803073|0.08751281691008421|83.07113543091656|82.27121845|71.67305731|125.89679206566349|1.9288645690834474|-11.610123119015048|-13.132694938440492|40.696662106703144|0.03390191604651151
Kazakhstan|0.9665249113831272|0.3192888263450319|16.261969904240765|62.94170651|55.61505878|18.755834975376196|1.20109439124487|-16.632010943912448|-22.880984952120382|65.18028727770178|0.28560186718194264
Kenya|0.11306800378166008|0.008352693793680872|29.75376196990424|54.14461410999999|54.65351859|47.56429599999999|15.242134062927496|3.0041039671682626|-2.9343365253077973|57.012735978112175|1.2178632019562243
Latvia|2.4114123936108967|5.262178471187669|53.3515731874145|66.98044354|59.28066449|1.9004152216142272|3.244870041039672|-13.451436388508892|-21.752393980848154|46.89645690834473|0.19389047418604657
Lithuania|2.646224096406632|4.332050490077568|65.30437756497948|68.35161275|63.26348941|2.7948851039671685|21.247606019151846|-24.937072503419973|-17.51846785225718|45.887797537619704|0.6335099917510261
Luxembourg|1.4522189847712204|0.2312951963827139|59.524623803009575|77.02812605|75.89938924|0.6304394897400821|-2.875512995896033|-24.35704514363885|-26.158686730506155|44.45515731874145|0.8385919064021887
Malaysia|0.9663598207962198|0.3096077829609624|65.38987688098496|74.60161301|68.57034785|32.553541723666214|-3.3625170998632012|-31.971272229822162|-24.745554035567714|62.28808481532148|0.321997994500684
Malta|1.0793382872675088|38.02719578564974|56.087551299589606|68.54611914|61.34331245|0.44095879480164163|2.6634746922024624|-9.534883720930232|-18.839945280437757|48.77436388508892|0.5512995896032831
Mexico|2.3637250198744018|0.04335467280735478|23.768809849521205|64.94521088|48.28651685999999|126.57847756497948|5.0943912448700415|-20.114911080711355|-16.0|53.262667578659375|-0.028725824528043727
Mongolia|0.59150504690068|3.1542559699164125|53.31737346101231|52.61460105|49.76453998|3.3273171805745556|66.07523939808482|16.23939808481532|2.9958960328317374|59.19452804377565|-0.3291379977291381
Morocco|0.4172591114732908|0.13007980442296344|34.31942544459644|60.00894419|60.01721477|35.587|28.582763337893297|-17.41450068399453|-16.32284541723666|65.86775649794802|0.46127103517099877
Netherlands|1.2266534187234488|0.10391274736669072|64.22708618331053|82.39217021|78.56699484|17.441704065663476|0.7523939808481532|-17.868673050615595|-22.779753761969904|54.13928864569083|0.38315503357045144
New Zealand|0.009468918961660485|1.5763504358524245|61.8844049247606|76.74774398|78.77889223|5.072113816689467|0.02188782489740082|-8.28454172366621|-9.246238030095759|40.83632010943912|0.6187018214500685
Norway|0.2424119630272892|2.2825938259818317|33.447332421340626|78.05486405|76.91870741|5.379537147742818|5.030095759233926|-7.545827633378933|-23.32421340629275|45.984487004103975|0.4937050752941176
Philippines|0.4711490340128987|0.01620498647188974|20.1265389876881|61.86942078|49.98101784|108.84985518467853|-3.176470588235294|-33.96169630642955|-28.995896032831737|66.95302325581396|0.01592546693570439
Poland|2.5342029208072328|0.22776393333695688|62.722298221614224|68.89331151|56.43015796|38.323454500683994|6.92202462380301|-11.547195622435021|-14.93296853625171|51.16231190150479|0.8062917785636116
Portugal|1.840754554904833|0.2140071926769708|67.51025991792066|70.44752024|64.51166567|10.297082102599179|5.503419972640219|-19.917920656634745|-23.300957592339262|57.65205198358413|0.1767710377838575
Romania|3.0543910509704113|0.36967633322573845|69.95554035567716|64.35562053|58.07242453|19.265163012311902|3.2489740082079344|-16.341997264021888|-20.187414500683996|53.171792065663475|0.2333331611627908
Russia|2.069189403826054|0.03653093567867834|44.16894664842681|66.73670163|52.57112204|146.4585682640219|2.2325581395348837|-9.485636114911081|-18.924760601915185|47.736812585499315|0.40299742846785225
Serbia|1.8425784556447997|0.7839268336308106|53.864569083447336|60.85144707|52.45419188000001|6.910542865937072|11.046511627906977|-8.86046511627907|-19.707250341997263|46.94378932968536|0.8462242989466484
Singapore|0.1515433922703481|2.671837394834536|84.37072503419972|84.78381685|80.3637974|5.631429896032832|-0.9890560875512996|-23.11764705882353|-20.170998632010942|49.99035567715458|0.7997014510396717
Slovakia|3.04698898519489|0.24718940191923444|81.01915184678522|66.77227703|56.28049487|5.458794010943913|2.508891928864569|-19.31326949384405|-19.980848153214776|49.52102599179207|-0.03364041590971259
Slovenia|2.6580104080386717|4.861038238917429|60.738714090287274|70.2007865|63.3534005|2.1024255129958958|-12.170998632010944|-20.529411764705884|-19.95075239398085|53.86749658002736|0.9738859212859098
South Africa|1.5309313115229655|0.029025147316622892|52.735978112175104|62.43585799|57.07267901|59.30476041313269|4.9411764705882355|-13.683994528043776|-19.013679890560876|53.56595075239398|0.16360079935704497
South Korea|0.1085408829340175|0.18062701838374703|44.35704514363885|79.61901693|65.76120094|51.80045436525308|13.719562243502052|-5.209302325581396|-5.774281805745554|51.00796169630643|0.41613550570451435
Spain|1.8852933945169712|0.20855814465080771|77.7530779753762|75.27940537|65.06584941|47.41790606976744|-1.5020519835841313|-26.403556771545826|-23.912448700410398|55.90497948016416|-0.04018322165526671
Sweden|1.4792615979899604|0.16235688454755356|42.01436388508892|81.24718776|75.20290607|10.353577272229822|0.3707250341997264|-8.20109439124487|-21.96169630642955|48.496935704514364|0.5869423548700411
Switzerland|1.4157681485387248|1.4398949752727808|35.15731874145007|82.32511823|77.513784|8.638301032831736|2.5444596443228455|-21.707250341997263|-19.77017783857729|47.075225718194254|0.3076243387277701
Taiwan|0.036075678632725|0.0|30.76265389876881|80.24103836|68.62811795|23.581895511627906|2.1627906976744184|-14.414500683994529|-1.1409028727770179|32.441682626538984|1.2692612859097128
Thailand|0.3278250167194117|0.07828435066344819|70.07523939808482|68.11241715|54.82845465999999|66.37255549794803|7.503419972640219|-11.38577291381669|-13.630642954856361|50.76700410396717|-0.27067607941176475
United Kingdom|2.2019097347865597|0.21566566210024676|79.78796169630643|81.20356479|74.420254|67.70832589466485|-6.593707250341997|-30.805745554035568|-32.395348837209305|57.75192886456908|0.49387141399452805
United States|2.4877388125866484|0.04368532060112013|43.057455540355676|83.67331572|71.17103227|331.5943556771546|-2.1942544459644324|-12.478796169630643|-25.741450068399452|57.656073871409035|0.4919010297811219
