country|quarter|coviddeaths|fullvax|econsupport|gci|gci_institutions|population|grocerymob|retailmob|workmob|stringency|rgdpqoqsa
Argentina|2020Q1|0.0006008182878049554|0.0|6.318681318681318|57.20132859|49.85289274|44.938712|-8.010989010989011|-12.956043956043956|-8.43956043956044|22.252307692307692|-4.30904346
Argentina|2020Q2|0.028483237347790475|0.0|75.0|57.20132859|49.85289274|44.938712|-28.428571428571427|-73.23076923076923|-38.02197802197802|92.59285714285716|-15.08042518
Argentina|2020Q3|0.34780703105153526|0.0|75.0|57.20132859|49.85289274000001|44.938712|-18.02173913043478|-56.08695652173913|-24.01086956521739|89.37967391304348|12.18523996
Argentina|2020Q4|0.5854019225428935|0.0|75.0|57.20132859|49.85289274000001|44.94347342391305|-8.695652173913043|-43.19565217391305|-15.652173913043478|80.93413043478262|4.43267623
Argentina|2021Q1|0.2779616518701433|0.001144197967580896|58.611111111111114|57.20132859000001|49.85289274|45.376763|-6.722222222222222|-35.56666666666667|-14.511111111111111|76.71388888888889|3.35855892
Argentina|2021Q2|0.8472618463331111|0.009668384675213611|50.0|57.20132859|49.85289274|45.376763|1.7362637362637363|-38.043956043956044|-10.197802197802197|79.00263736263737|-0.79996702
Argentina|2021Q3|0.4600372221350386|0.054433146762804564|50.0|57.20132859|49.85289274000001|45.37676299999999|17.847826086956523|-15.402173913043478|6.054347826086956|75.55597826086957|4.08374592
Argentina|2021Q4|0.043850265525251675|0.12807751855673244|19.565217391304348|57.20132859|49.85289274000001|45.38145847826087|28.195652173913043|0.03260869565217391|15.326086956521738|46.97|1.85237543
Australia|2020Q1|0.0007051402688527478|0.0|7.967032967032967|78.74662637|72.94070418|25.526836|5.175824175824176|-2.032967032967033|1.9230769230769231|19.666923076923077|-0.30492876
Australia|2020Q2|0.003369003506740906|0.0|75.0|78.74662637|72.94070418|25.526836|-4.725274725274725|-28.53846153846154|-27.318681318681318|64.52351648351649|-6.796677629999999
Australia|2020Q3|0.030712776154475235|0.0|75.0|78.74662637|72.94070418|25.526836|-4.576086956521739|-18.065217391304348|-18.782608695652176|73.19739130434782|3.5058334699999993
Australia|2020Q4|0.0008226636469948725|0.0|75.0|78.74662637|72.94070418|25.52805139130435|2.4239130434782608|-10.141304347826088|-15.48913043478261|65.73108695652174|3.2769436299999994
Australia|2021Q1|0.0|6.240577702759099e-05|48.611111111111114|78.74662637|72.94070418|25.638652|-0.9|-11.588888888888889|-13.355555555555556|57.86888888888889|1.78333639
Australia|2021Q2|3.900361064224437e-05|0.006722272294190817|0.0|78.74662637|72.94070418|25.638652000000004|5.065934065934066|-7.923076923076923|-11.087912087912088|52.61978021978022|0.82140269
Australia|2021Q3|0.015640447867539993|0.08118445540740597|0.0|78.74662637|72.94070418|25.638652|4.423913043478261|-21.304347826086957|-21.315217391304348|70.0708695652174|-1.82037515
Australia|2021Q4|0.03673868962189805|0.22845389843428585|0.0|78.74662637|72.94070418|25.640042793478262|11.065217391304348|-5.380434782608695|-17.119565217391305|65.62228260869566|3.6231754999999994
Austria|2020Q1|0.015054380015692505|0.0|14.148351648351648|76.60913087|73.53739093|8.901064|-3.087912087912088|-10.087912087912088|-10.351648351648352|18.762307692307694|-2.54823806
Austria|2020Q2|0.07594597679558308|0.0|87.5|76.60913087|73.53739093|8.901064|-17.12087912087912|-41.65934065934066|-34.65934065934066|63.13538461538461|-11.38796816
Austria|2020Q3|0.02067168599169717|0.0|87.5|76.60913087|73.53739093|8.901064|-5.4021739130434785|-7.108695652173913|-24.02173913043478|38.04217391304348|10.81922263
Austria|2020Q4|0.7293180209675563|0.0|96.46739130434783|76.60913087|73.53739093|8.90140747826087|-15.054347826086957|-43.141304347826086|-30.91304347826087|68.18804347826087|-1.8812324500000002
Austria|2021Q1|0.4386149529412502|0.019107401778461607|100.0|76.60913087|73.53739093|8.932664|-13.966666666666667|-53.022222222222226|-31.58888888888889|78.18155555555556|-0.47800534
Austria|2021Q2|0.1865065113833902|0.16181734810578344|100.0|76.60913087|73.53739093|8.932664|3.087912087912088|-31.417582417582416|-20.582417582417584|70.5642857142857|4.33151099
Austria|2021Q3|0.048809627228786394|0.5587381323197648|100.0|76.60913087|73.53739093|8.932664|12.0|-2.5217391304347827|-19.08695652173913|60.08847826086956|3.38768654
Austria|2021Q4|0.37042897371895933|0.6862030270477084|100.0|76.60913087|73.53739093|8.933166880434785|4.869565217391305|-25.5|-23.27173913043478|60.56891304347826|-0.7798278500000001
Belgium|2020Q1|0.06134360239739499|0.0|18.13186813186813|76.38012249|69.46203893|11.492641|-2.065934065934066|-12.868131868131869|-11.285714285714286|20.614285714285714|-3.1525246
Belgium|2020Q2|0.786764330322334|0.0|87.5|76.38012249|69.46203893|11.492641|-14.978021978021978|-46.61538461538461|-40.62637362637363|71.75296703296704|-11.63573959
Belgium|2020Q3|0.023406282333190427|0.0|67.1195652173913|76.38012249|69.46203893|11.492641000000003|-7.130434782608695|-11.326086956521738|-27.47826086956522|54.05608695652174|11.894648289999997
Belgium|2020Q4|0.8276412755152943|0.0|87.77173913043478|76.38012249|69.46203893|11.492951836956523|-4.663043478260869|-39.08695652173913|-29.934782608695652|58.3345652173913|-0.11509188999999999
Belgium|2021Q1|0.30274524317612395|0.01515375344212141|78.05555555555556|76.38012249|69.46203893|11.521238000000002|-2.311111111111111|-40.18888888888889|-24.58888888888889|62.406777777777776|1.3167187
Belgium|2021Q2|0.1872194637416569|0.12447273461411003|75.0|76.38012249|69.46203893|11.521237999999999|13.659340659340659|-17.21978021978022|-18.747252747252748|57.25857142857143|1.71140847
Belgium|2021Q3|0.037235581801191846|0.4929765360285066|75.0|76.38012249|69.46203893|11.521238|14.91304347826087|5.184782608695652|-23.032608695652176|47.03293478260869|2.10191255
Belgium|2021Q4|0.23685608876619577|0.5966492505382415|75.0|76.38012249|69.46203893|11.521920282608695|16.82608695652174|-1.934782608695652|-20.33695652173913|46.9245652173913|0.4265654
Brazil|2020Q1|0.0009564727568840164|0.0|4.1208791208791204|60.929467720000005|48.05442926|210.147125|-0.21978021978021978|-8.043956043956044|-0.6153846153846154|16.942967032967033|-2.44262751
Brazil|2020Q2|0.28352039376170785|0.0|49.72527472527472|60.929467720000005|48.05442926|210.16480156043954|-8.692307692307692|-51.824175824175825|-27.395604395604394|77.64978021978023|-8.76949411
Brazil|2020Q3|0.39803416476757564|0.0|50.0|60.92946772|48.05442926|211.755692|7.706521739130435|-30.48913043478261|-11.206521739130435|73.7641304347826|7.8920702899999995
Brazil|2020Q4|0.240815250434921|0.0|47.82608695652174|60.92946772|48.05442926|211.755692|19.347826086956523|-18.043478260869566|-4.0978260869565215|60.90086956521739|3.1088257
Brazil|2021Q1|0.6000594307519251|0.0002925541193952888|1.9444444444444444|60.92946772|48.05442926|211.75569200000004|8.366666666666667|-32.08888888888889|-9.522222222222222|69.496|1.08567765
Brazil|2021Q2|0.9271764324094667|0.0035389791811884152|12.5|60.929467720000005|48.05442926|211.77285625274726|25.0989010989011|-25.560439560439562|-2.010989010989011|62.87582417582417|-0.21653683000000004
Brazil|2021Q3|0.3682020875920157|0.010832531293860794|16.57608695652174|60.92946772|48.05442926|213.31763900000004|39.16304347826087|-9.108695652173912|10.402173913043478|56.33902173913043|0.06353383
Brazil|2021Q4|0.10454831632558992|0.02358107854362667|25.0|60.92946772|48.05442926|213.31763900000004|45.369565217391305|0.5652173913043478|12.728260869565217|55.43228260869566|0.66221359
Bulgaria|2020Q1|0.0011508337358853839|0.0|0.8241758241758241|64.8950107|56.799912559999996|6.951482|-4.032967032967033|-12.043956043956044|-9.274725274725276|18.97681318681319|-0.61636226
Bulgaria|2020Q2|0.031935636170819404|0.0|76.78571428571429|64.8950107|56.799912559999996|6.951482|-10.780219780219781|-28.593406593406595|-27.032967032967033|57.69285714285714|-7.75000106
Bulgaria|2020Q3|0.08559325910647543|0.0|62.5|64.8950107|56.799912559999996|6.9514819999999995|1.9130434782608696|2.1630434782608696|-19.597826086956523|37.913695652173914|3.5073807799999996
Bulgaria|2020Q4|0.9712041400542254|0.0|63.31521739130435|64.8950107|56.799912559999996|6.951102282608696|1.184782608695652|-27.652173913043477|-25.597826086956523|46.78010869565218|1.33977793
Bulgaria|2021Q1|0.8126886417906737|0.005835280836625438|62.5|64.8950107|56.79991256|6.916548000000001|-1.4555555555555555|-38.733333333333334|-27.0|54.33877777777778|1.8338959199999998
Bulgaria|2021Q2|0.7032409809055038|0.07928666149645748|62.5|64.8950107|56.799912559999996|6.916548|16.274725274725274|-11.472527472527473|-18.384615384615383|53.255494505494504|0.8930251400000001
Bulgaria|2021Q3|0.4078624192299396|0.18120889206581087|78.26086956521739|64.8950107|56.799912559999996|6.916548|27.23913043478261|7.184782608695652|-20.054347826086957|34.1679347826087|0.94292833
Bulgaria|2021Q4|1.4564689851165422|0.3027761245976873|87.5|64.8950107|56.799912559999996|6.915704402173913|17.130434782608695|-22.195652173913043|-22.97826086956522|48.74065217391305|1.265155
Canada|2020Q1|0.004042420952718833|0.0|10.851648351648352|79.59134442|74.07641648|37.60123|0.7032967032967034|-5.373626373626373|-8.043956043956044|14.79076923076923|-2.15730261
Canada|2020Q2|0.22791350371584287|0.0|62.5|79.59134442|74.07641648|37.60602092307692|-11.43956043956044|-37.0|-43.97802197802198|72.6045054945055|-11.04253724
Canada|2020Q3|0.016326121131300816|0.0|62.5|79.59134442|74.07641648|38.037204|1.0|-12.41304347826087|-30.83695652173913|66.27521739130434|8.98395838
Canada|2020Q4|0.16807229048696637|0.0|62.5|79.59134442|74.07641648|38.037204|-3.4239130434782608|-23.717391304347824|-29.456521739130434|69.24619565217391|2.19242126
Canada|2021Q1|0.1899193221457602|0.0020272257655951785|62.5|79.59134442|74.07641648|38.037204|-11.155555555555555|-34.48888888888889|-32.12222222222222|74.525|1.09295326
Canada|2021Q2|0.08770059166116723|0.017571250009956893|62.5|79.59134442|74.07641648|38.03949964835165|5.406593406593407|-19.945054945054945|-29.846153846153847|74.54516483516483|-0.79204875
Canada|2021Q3|0.04097148917740859|0.1438122801933206|42.119565217391305|79.59134442|74.07641648|38.246108|11.815217391304348|-1.4673913043478262|-28.380434782608695|69.26326086956522|1.30781901
Canada|2021Q4|0.06424183082890421|0.1801746729366554|37.5|79.59134442|74.07641648|38.246108|6.663043478260869|-3.967391304347826|-23.52173913043478|70.10978260869565|1.60257575
Chile|2020Q1|0.0006237352144217145|0.0|1.3736263736263736|70.53834933|63.89306764|19.238933|-0.989010989010989|-8.87912087912088|-6.428571428571429|11.141758241758243|2.27369517
Chile|2020Q2|0.29502675642147097|0.0|44.09340659340659|70.53834933|63.89306764|19.238933|-40.61538461538461|-63.97802197802198|-44.72527472527472|75.99274725274725|-12.84692376
Chile|2020Q3|0.3666003722763627|0.0|89.1304347826087|70.53834933|63.89306764|19.238933|-32.68478260869565|-55.47826086956522|-38.17391304347826|83.66260869565217|5.25567168
Chile|2020Q4|0.20091111313400217|0.0|100.0|70.53834933|63.89306764|19.24221558695652|-15.141304347826088|-38.97826086956522|-22.391304347826086|79.46641304347825|6.6930441
Chile|2021Q1|0.3340168388087548|0.01706520533745296|100.0|70.53834933|63.89306764|19.540931|-16.788888888888888|-41.333333333333336|-23.733333333333334|79.17|3.74230952
Chile|2021Q2|0.48155330981927114|0.1762771691891241|100.0|70.53834933|63.89306764|19.540931|-13.307692307692308|-42.94505494505494|-21.98901098901099|82.45087912087912|1.50187924
Chile|2021Q3|0.25193272521150606|0.3127271674005706|31.52173913043478|70.53834933|63.89306764|19.540931|9.771739130434783|-13.98913043478261|-2.358695652173913|67.78608695652174|4.33157522
Chile|2021Q4|0.08427507276272715|0.3755765889490068|0.0|70.53834933|63.89306764|19.543037902173914|21.793478260869566|-0.06521739130434782|9.945652173913043|50.26260869565217|1.70278639
Colombia|2020Q1|0.0003239149789582805|0.0|8.241758241758241|62.73161261|49.25432434|49.395678000000004|-3.868131868131868|-10.483516483516484|-2.21978021978022|18.76175824175824|-2.02979311
Colombia|2020Q2|0.06717186876147342|0.0|73.35164835164835|62.73161261|49.25432434|49.395678000000004|-43.05494505494506|-66.20879120879121|-48.91208791208791|87.23186813186814|-15.87449798
Colombia|2020Q3|0.45882556769440436|0.0|75.0|62.73161261|49.25432434|49.395678|-24.25|-48.41304347826087|-30.847826086956523|81.90739130434783|10.64636076
Colombia|2020Q4|0.348392936137905|0.0|75.0|62.73161261|49.25432434|49.406294804347816|0.43478260869565216|-30.641304347826086|-17.043478260869566|64.65608695652173|5.74391544
Colombia|2021Q1|0.4011917314124093|7.9011484537651e-05|75.0|62.73161261|49.25432434|50.37242400000001|-1.3888888888888888|-34.06666666666667|-18.833333333333332|79.63133333333333|3.29198821
Colombia|2021Q2|0.8560636271941172|0.007872561383982634|75.0|62.73161261|49.25432434|50.372423999999995|9.472527472527473|-26.0|-15.659340659340659|68.43626373626374|-2.21366532
Colombia|2021Q3|0.39217886357821496|0.03475651677989529|75.0|62.73161261|49.25432434|50.372424|30.695652173913043|-1.5978260869565217|1.8695652173913044|48.85478260869564|6.434229299999999
Colombia|2021Q4|0.07231052079962272|0.062350598720539704|64.67391304347827|62.73161261|49.25432434|50.3797835|46.82608695652174|15.054347826086957|9.391304347826088|50.445543478260866|2.85988609
Croatia|2020Q1|0.0014759229007395111|0.0|10.302197802197803|61.93813062|51.77383323|4.065253|-3.1648351648351647|-6.362637362637362|-8.010989010989011|21.917912087912086|-0.69987744
Croatia|2020Q2|0.024844702162448436|0.0|87.5|61.93813062|51.77383323|4.06505989010989|-15.989010989010989|-30.593406593406595|-31.945054945054945|73.82065934065935|-13.83772287
Croatia|2020Q3|0.04274053284844652|0.0|80.97826086956522|61.938130619999995|51.773833229999994|4.04768|11.58695652173913|11.380434782608695|-17.17391304347826|36.817173913043476|3.2810219600000003
Croatia|2020Q4|0.8992805755395684|0.0|42.391304347826086|61.938130619999995|51.773833229999994|4.04768|-0.8913043478260869|-26.77173913043478|-23.67391304347826|40.789565217391306|5.21091379
Croatia|2021Q1|0.5007806941260179|0.006885425725353783|37.5|61.93813062|51.773833229999994|4.04768|2.4|-35.977777777777774|-22.08888888888889|52.16077777777778|5.931121390000001
Croatia|2021Q2|0.5580974780615069|0.19472389121669698|37.5|61.93813062|51.77383323|4.04768|21.01098901098901|-4.857142857142857|-14.45054945054945|46.41901098901099|1.5308518300000002
Croatia|2021Q3|0.10722191477587162|0.5297997865443909|45.92391304347826|61.938130619999995|51.773833229999994|4.04768|56.23913043478261|37.45652173913044|-10.608695652173912|34.35239130434782|1.32508017
Croatia|2021Q4|0.9630207921574828|0.5578973634279389|62.5|61.938130619999995|51.773833229999994|4.04768|25.82608695652174|1.934782608695652|-12.315217391304348|38.88369565217391|1.00192473
Czech Republic|2020Q1|0.002898838304576078|0.0|7.6923076923076925|70.85279934|60.88830825|10.693939|2.67032967032967|-5.758241758241758|-6.0989010989010985|25.886153846153846|-3.24259497
Czech Republic|2020Q2|0.02973647035016751|0.0|90.93406593406593|70.85279934|60.88830825|10.693939|0.0|-31.494505494505493|-22.076923076923077|52.29417582417582|-8.84873946
Czech Republic|2020Q3|0.028614339393557415|0.0|62.5|70.85279934|60.88830825|10.693939|10.445652173913043|3.652173913043478|-17.57608695652174|36.744565217391305|6.9532086600000005
Czech Republic|2020Q4|1.0215963834596973|0.0|62.5|70.85279934|60.88830825|10.694024195652174|0.45652173913043476|-39.858695652173914|-24.695652173913043|64.06054347826087|1.14055038
Czech Republic|2021Q1|1.3867790367898714|0.013887413277252927|58.05555555555556|70.85279934|60.88830825000001|10.701777|-4.277777777777778|-54.3|-25.733333333333334|77.74622222222222|-0.5157542
Czech Republic|2021Q2|0.3627434957764491|0.11687217926518184|37.5|70.85279934|60.88830825|10.701777|17.978021978021978|-21.10989010989011|-11.582417582417582|58.65967032967033|1.40703802
Czech Republic|2021Q3|0.014577018377415265|0.4201451777587965|68.75|70.85279934|60.88830825|10.701777|24.554347826086957|5.804347826086956|-15.608695652173912|37.9420652173913|1.6988365400000003
Czech Republic|2021Q4|0.5299303699319298|0.5136628564677829|93.75|70.85279934|60.88830825|10.699765369565217|19.76086956521739|-7.804347826086956|-14.66304347826087|49.910869565217396|0.84683268
Denmark|2020Q1|0.015456579634101542|0.0|9.478021978021978|81.17489789|77.39979262|5.822763|-4.417582417582418|-7.274725274725275|-12.56043956043956|18.294285714285714|-0.75189101
Denmark|2020Q2|0.08844598346180327|0.0|78.15934065934066|81.17489789|77.39979262|5.822763|-1.6813186813186813|-13.604395604395604|-27.604395604395606|64.81637362637363|-6.00631386
Denmark|2020Q3|0.007728289817050772|0.0|87.5|81.17489789|77.39979262|5.822763|-1.2282608695652173|9.173913043478262|-23.25|52.82152173913043|6.34295034
Denmark|2020Q4|0.11126602827584252|0.0|90.76086956521739|81.17489789|77.39979262|5.822950847826087|-3.869565217391304|-7.206521739130435|-22.48913043478261|46.56782608695652|0.10711022000000002
Denmark|2021Q1|0.19212180728059458|0.03528226237982755|57.77777777777778|81.17489789|77.39979262|5.840045|-10.366666666666667|-33.34444444444444|-31.4|65.87322222222222|-0.02878466
Denmark|2021Q2|0.01969162908847449|0.2623798275526987|50.0|81.17489789|77.39979262|5.840044999999999|2.934065934065934|0.18681318681318682|-17.35164835164835|58.4767032967033|2.46899549
Denmark|2021Q3|0.02106148154680315|0.9448060759805789|27.717391304347824|81.17489789|77.39979262|5.840045|6.608695652173913|16.58695652173913|-18.92391304347826|37.34782608695652|1.29404131
Denmark|2021Q4|0.10683778872048544|1.1914969407922993|0.0|81.17489789|77.39979262|5.84040777173913|2.2065217391304346|7.119565217391305|-19.706521739130434|36.65152173913044|2.83753178
Estonia|2020Q1|0.0030100331931410375|0.0|17.994505494505493|70.90713997|70.22826735|1.328889|-2.2637362637362637|-6.362637362637362|-8.824175824175825|11.66043956043956|0.7160762699999998
Estonia|2020Q2|0.048913039388541864|0.0|72.11538461538461|70.90713997|70.22826735|1.328889|-4.846153846153846|-23.67032967032967|-32.07692307692308|58.29241758241758|-6.75218308
Estonia|2020Q3|-0.0037625414914262975|0.0|50.0|70.90713997|70.22826735|1.328889|8.978260869565217|5.869565217391305|-22.902173913043477|33.7395652173913|4.72560945
Estonia|2020Q4|0.12416186809994369|7.518412592438883e-06|50.0|70.90713997|70.22826735|1.3289018152173913|3.7717391304347827|-9.206521739130435|-17.891304347826086|41.81130434782609|2.78023803
Estonia|2021Q1|0.5059891674711368|0.1426242868785656|63.333333333333336|70.90713997|70.22826735|1.330068|-4.566666666666666|-29.955555555555556|-25.58888888888889|49.11600000000001|2.66349435
Estonia|2021Q2|0.275925742142507|1.1244387504999744|63.5989010989011|70.90713997|70.22826735|1.330068|15.593406593406593|-10.197802197802197|-20.395604395604394|47.17175824175824|2.5286397
Estonia|2021Q3|0.06616203081346217|3.109592892994945|2.0380434782608696|70.90713997|70.22826735|1.330068|23.054347826086957|14.195652173913043|-17.77173913043478|26.12663043478261|0.83557899
Estonia|2021Q4|0.43230482202109094|4.013847712011422|0.0|70.90713997|70.22826735|1.3300867826086957|10.097826086956522|-4.543478260869565|-16.206521739130434|39.535|0.92319663
Finland|2020Q1|0.009230281404132125|0.0|8.791208791208792|80.24562972|81.21625946|5.525292|-1.5934065934065933|-6.021978021978022|-10.010989010989011|20.47263736263736|-0.11671457
Finland|2020Q2|0.04669436475031546|0.0|57.142857142857146|80.24562972|81.21625946|5.525292|-4.021978021978022|-29.483516483516482|-35.395604395604394|57.887252747252745|-6.11287453
Finland|2020Q3|0.003619718197698873|0.0|75.0|80.24562972|81.21625946|5.525292|2.260869565217391|-3.597826086956522|-26.48913043478261|34.22217391304348|4.8669032
Finland|2020Q4|0.0475981821791965|0.0|75.0|80.24562972|81.21625946|5.525384402173914|-1.8478260869565217|-15.76086956521739|-19.92391304347826|42.897608695652174|0.72449648
Finland|2021Q1|0.05240528512721744|0.0021811441085707395|75.0|80.24562972|81.21625946|5.533793|-5.722222222222222|-28.3|-22.61111111111111|52.31000000000001|-0.11958777
Finland|2021Q2|0.018432203734400614|0.017150984866980024|75.0|80.24562972|81.21625946|5.533793|11.802197802197803|-9.032967032967033|-19.75824175824176|51.02065934065934|1.52656971
Finland|2021Q3|0.024214855886369437|0.09975797793665211|75.0|80.24562972|81.21625946|5.533793|15.66304347826087|5.456521739130435|-22.92391304347826|38.45304347826087|0.90008845
Finland|2021Q4|0.10769436711906279|0.13932577528649878|75.0|80.24562972|81.21625946|5.533950043478261|3.010869565217391|-7.956521739130435|-22.92391304347826|30.600217391304344|0.7803368900000001
France|2020Q1|0.05227256534448703|0.0|17.582417582417584|78.80623971|70.03656263|67.454122|-6.835164835164835|-16.63736263736264|-14.604395604395604|25.40285714285714|-5.57271773
France|2020Q2|0.39019112872005063|0.0|90.10989010989012|78.80623971|70.03656263|67.454122|-20.12087912087912|-52.505494505494504|-42.637362637362635|78.1010989010989|-13.53607459
France|2020Q3|0.03160666741759681|0.0|75.0|78.80623971|70.03656263|67.454122|2.510869565217391|-9.0|-25.717391304347824|47.94836956521739|18.38184345
France|2020Q4|0.4859504448557079|0.0|52.44565217391305|78.80623971|70.03656263|67.45599454347825|-3.260869565217391|-34.27173913043478|-28.358695652173914|65.66489130434783|-0.87796624
France|2021Q1|0.45899237333304|0.0020883857244144727|50.0|78.80623971|70.03656263|67.626396|-4.7555555555555555|-41.51111111111111|-25.122222222222224|64.39488888888889|0.05779695
France|2021Q2|0.2286237462661769|0.01949578978007345|50.0|78.80623971|70.03656263|67.626396|11.142857142857142|-27.47252747252747|-22.604395604395606|62.18472527472528|1.03813468
France|2021Q3|0.0919019845446148|0.07152857887029793|41.84782608695652|78.80623971|70.03656263|67.626396|23.23913043478261|-1.1195652173913044|-21.847826086956523|59.369565217391305|3.34843119
France|2021Q4|0.10727288823419676|0.09458772600383203|25.0|78.80623971|70.03656263|67.62842860869566|17.467391304347824|-6.673913043478261|-17.543478260869566|72.22|0.5502664
Germany|2020Q1|0.0070090648969679484|0.0|6.593406593406593|81.79653719|72.38547748|83.178|-0.27472527472527475|-6.450549450549451|-7.329670329670329|20.34032967032967|-1.4508928600000002
Germany|2020Q2|0.10086801798552501|0.0|62.5|81.79653719|72.38547748|83.178|-6.164835164835165|-33.043956043956044|-27.307692307692307|67.30142857142856|-9.40921102
Germany|2020Q3|0.006191541032484551|0.0|37.5|81.79653719|72.38547748|83.178|2.4782608695652173|-4.293478260869565|-18.25|55.122173913043476|8.98010209
Germany|2020Q4|0.28352226071815345|0.0|36.41304347826087|81.79653719|72.38547748|83.17817391304348|-2.7934782608695654|-29.217391304347824|-21.956521739130434|64.31347826086957|0.60223688
Germany|2021Q1|0.5201216433877444|0.002076111258023415|37.5|81.79653719|72.38547748|83.194|-7.3|-50.32222222222222|-25.622222222222224|80.96622222222223|-1.5203344700000003
Germany|2021Q2|0.17468807846719717|0.017117340192802366|37.5|81.79653719|72.38547748|83.194|7.9010989010989015|-27.032967032967033|-17.703296703296704|72.59769230769231|2.03589348
Germany|2021Q3|0.033211529677620984|0.06085222492006635|37.5|81.79653719|72.38547748|83.194|20.043478260869566|1.5978260869565217|-13.456521739130435|61.3225|0.74704492
Germany|2021Q4|0.21980728272839384|0.07459976131926645|37.5|81.79653719|72.38547748|83.19498913043479|17.434782608695652|-7.967391304347826|-16.391304347826086|53.66402173913043|-0.04693073
Ghana|2020Q1|0.0001643771234647752|0.0|0.0|51.19611019|54.38782151|30.417858000000003|-3.4395604395604398|-4.274725274725275|-1.4505494505494505|11.682087912087912|1.59656162
Ghana|2020Q2|0.003517670442146189|0.0|46.7032967032967|51.19611019|54.38782151|30.417858000000003|-14.725274725274724|-26.63736263736264|-17.89010989010989|64.30681318681319|-1.34323544
Ghana|2020Q3|0.0062134552669685025|0.0|19.02173913043478|51.19611019|54.38782151|30.417858|9.608695652173912|-3.0543478260869565|-9.673913043478262|50.0604347826087|-0.82109519
Ghana|2020Q4|0.0011177644395604712|0.0|0.0|51.19611019|54.38782151|30.424978510869565|24.967391304347824|1.7065217391304348|-12.293478260869565|40.63945652173913|1.11163128
Ghana|2021Q1|0.013130393659178428|0.0|0.0|51.19611019|54.387821509999995|31.072945|28.177777777777777|0.6666666666666666|-13.166666666666666|42.480888888888884|0.95540352
Ghana|2021Q2|0.0017056638821971977|7.434119939387786e-05|0.0|51.19611019|54.38782151|31.072945|53.967032967032964|16.681318681318682|-5.857142857142857|44.70736263736264|0.9408755100000001
Ghana|2021Q3|0.011585641463980965|0.0001924503776516838|0.0|51.19611019|54.38782151|31.072945|65.21739130434783|26.184782608695652|-2.608695652173913|42.18782608695653|1.54692464
Ghana|2021Q4|0.004473344898592651|0.0010356276175302985|0.0|51.19611019|54.38782151|31.072945|71.6304347826087|33.56521739130435|-0.6195652173913043|42.09847826086956|1.81173352
Greece|2020Q1|0.0036282211442798425|0.0|4.8076923076923075|62.58073012|50.510048180000005|10.473452|-1.3846153846153846|-14.923076923076923|-10.10989010989011|19.321758241758243|-2.09258712
Greece|2020Q2|0.014703843584713045|0.0|54.120879120879124|62.58073012|50.510048180000005|10.473452|3.7472527472527473|-40.48351648351648|-29.52747252747253|68.97582417582417|-13.3606911
Greece|2020Q3|0.019000421255570752|0.0|78.26086956521739|62.58073012|50.510048180000005|10.473452|15.402173913043478|7.5|-14.782608695652174|57.73826086956522|5.42278697
Greece|2020Q4|0.42462043579469405|0.0|87.5|62.58073012|50.510048180000005|10.472904217391305|5.934782608695652|-38.96739130434783|-28.32608695652174|71.79336956521739|4.08692147
Greece|2021Q1|0.3122884497598401|0.014834420922232404|87.5|62.580730120000005|50.510048180000005|10.423056|1.288888888888889|-54.74444444444445|-34.86666666666667|83.84855555555555|3.43842632
Greece|2021Q2|0.44257653417577336|0.13518300199097077|87.5|62.58073012|50.510048180000005|10.423056|33.24175824175824|-15.87912087912088|-20.956043956043956|65.90428571428572|1.34535797
Greece|2021Q3|0.20358712454389574|0.4480653274816906|87.5|62.58073012|50.510048180000005|10.423056|56.41304347826087|23.032608695652176|-14.108695652173912|70.0029347826087|2.32893695
Greece|2021Q4|0.5720011482237071|0.5522353520886772|87.5|62.58073012|50.510048180000005|10.423056|49.858695652173914|-3.2282608695652173|-13.83695652173913|75.42304347826087|0.80913632
Hong Kong|2020Q1|0.0005318795292866166|0.0|38.46153846153846|83.142025|77.58023589|7.5205|-4.923076923076923|-24.934065934065934|-16.36263736263736|41.05604395604396|-5.1
Hong Kong|2020Q2|0.0003989096469649624|0.0|100.0|83.142025|77.58023589|7.5205|-0.8901098901098901|-19.285714285714285|-13.747252747252746|59.292307692307695|-1.2
Hong Kong|2020Q3|0.013031048467522106|0.0|100.0|83.142025|77.58023589|7.520499999999999|10.902173913043478|-26.804347826086957|-19.706521739130434|61.455652173913045|2.7
Hong Kong|2020Q4|0.0057210637869534765|0.0|85.8695652173913|83.142025|77.58023589|7.519480434782609|24.380434782608695|-19.141304347826086|-13.173913043478262|59.38086956521739|0.6
Hong Kong|2021Q1|0.007675010435321205|0.00025583368117737353|75.0|83.142025|77.58023589|7.4267|25.22222222222222|-23.2|-17.266666666666666|71.3|5.8
Hong Kong|2021Q2|0.000807895835296969|0.12581361843079697|75.0|83.142025|77.58023589|7.4267|36.934065934065934|-11.252747252747254|-7.142857142857143|71.3|-1.7
Hong Kong|2021Q3|0.0002692986117656563|0.4810750400581685|75.0|83.142025|77.58023589|7.426699999999999|40.05434782608695|-4.119565217391305|-2.9130434782608696|63.31478260869565|0.7
Hong Kong|2021Q4|0.0|0.7307474123549289|75.0|83.142025|77.58023589|7.426426086956522|45.69565217391305|-0.8586956521739131|-0.13043478260869565|55.57826086956521|0.0
Hungary|2020Q1|0.0016372044897058722|0.0|7.6923076923076925|65.07507077|55.67443012999999|9.772756|1.6923076923076923|-0.6593406593406593|-4.406593406593407|16.564505494505493|-0.5
Hungary|2020Q2|0.05822308466516508|0.0|81.31868131868131|65.07507077|55.67443012999999|9.772756|-12.736263736263735|-28.076923076923077|-30.54945054945055|67.73527472527472|-14.1
Hungary|2020Q3|0.018418550509191063|0.0|65.48913043478261|65.07507077|55.67443013|9.772756|2.3043478260869565|2.858695652173913|-19.956521739130434|49.83804347826087|11.6
Hungary|2020Q4|0.8976010152051699|0.0|32.06521739130435|65.07507077|55.67443013|9.772720891304347|-1.358695652173913|-21.57608695652174|-23.847826086956523|59.64032608695652|1.6
Hungary|2021Q1|1.1464220474974935|0.0187020332409167|37.5|65.07507077|55.67443013|9.769526|-4.455555555555556|-35.5|-23.144444444444446|74.196|1.3
Hungary|2021Q2|0.9473335758561877|0.22650024166986193|58.65384615384615|65.07507077|55.67443012999999|9.769526|9.780219780219781|-6.769230769230769|-16.47252747252747|59.03461538461538|2.5
Hungary|2021Q3|0.020267104053973545|0.32853589826159424|25.0|65.07507077|55.67443013|9.769526|24.369565217391305|19.25|-15.173913043478262|27.417391304347827|1.0
Hungary|2021Q4|0.920855993946538|0.3790583084583632|36.41304347826087|65.07507077|55.67443013|9.769104760869565|20.858695652173914|7.663043478260869|-15.25|32.227391304347826|2.2
Ireland|2020Q1|0.014426495986995835|0.0|11.263736263736265|75.11621341|72.97659545|4.9215|-4.516483516483516|-16.593406593406595|-12.516483516483516|15.304725274725275|2.61005107
Ireland|2020Q2|0.33706552948801305|0.0|100.0|75.11621341|72.97659545|4.959585714285715|-10.857142857142858|-63.46153846153846|-51.43956043956044|81.8465934065934|-2.80546009
Ireland|2020Q3|0.013661751115039979|0.0|100.0|75.11621341|72.97659545|4.9774|-0.6086956521739131|-21.597826086956523|-30.532608695652176|53.34130434782608|10.34639472
Ireland|2020Q4|0.0869932093060634|0.0|89.94565217391305|75.11621341|72.97659545|4.9774|0.967391304347826|-34.75|-32.40217391304348|73.21695652173914|-4.7795558
Ireland|2021Q1|0.4922248563507051|0.0367059107164383|100.0|75.11621341|72.97659545|4.9774|-6.677777777777778|-53.08888888888889|-43.388888888888886|86.16233333333334|9.4650336
Ireland|2021Q2|0.06248242054084461|0.2972395226423434|100.0|75.11621341|72.97659545|4.9774|15.252747252747254|-27.626373626373628|-31.175824175824175|65.25516483516483|4.96516099
Ireland|2021Q3|0.05042793426286816|1.141748704142725|100.0|75.11621341|72.97659545|4.9774|19.315217391304348|-4.945652173913044|-26.195652173913043|43.79217391304348|1.92994537
Ireland|2021Q4|0.1332020733716398|1.3990778317997346|100.0|75.11621341|72.97659545|4.9774|14.565217391304348|-3.1739130434782608|-23.97826086956522|48.914130434782614|-6.16031779
Israel|2020Q1|0.002297467315792353|0.0|11.538461538461538|76.74390743|65.64441269|9.1405|4.175824175824176|-5.637362637362638|-10.692307692307692|25.680439560439563|-1.17879036
Israel|2020Q2|0.033477380887259996|0.0|100.0|76.74390743|65.64441269|9.1405|-8.219780219780219|-44.714285714285715|-33.05494505494506|80.45395604395605|-8.69698093
Israel|2020Q3|0.13970789344127782|0.0|100.0|76.74390743|65.64441269|9.1405|-3.2717391304347827|-24.76086956521739|-29.97826086956522|54.55891304347826|8.64535054
Israel|2020Q4|0.18825126798071412|0.0|77.71739130434783|76.74390743|65.64441269|9.142122826086956|-4.456521739130435|-40.54347826086956|-28.5|71.38815217391304|2.28547481
Israel|2021Q1|0.3104480182565825|0.2603446791104222|75.0|76.74390743|65.64441269|9.2898|-4.433333333333334|-38.37777777777778|-32.55555555555556|71.895|-0.03441393
Israel|2021Q2|0.02368188766173653|0.5366595621003681|75.0|76.74390743|65.64441269|9.2898|7.076923076923077|-13.208791208791208|-16.747252747252748|46.490659340659334|3.89576336
Israel|2021Q3|0.14338306529742298|0.5802611466339427|75.0|76.74390743|65.64441269|9.2898|10.391304347826088|-5.956521739130435|-28.554347826086957|47.76760869565217|1.7625566300000002
Israel|2021Q4|0.051884862967986396|0.616834193355285|75.0|76.74390743|65.64441269|9.291573913043479|12.728260869565217|-3.0652173913043477|-9.119565217391305|57.71891304347825|4.57946545
Italy|2020Q1|0.2052515461083032|0.0|6.868131868131868|71.52828147|58.55356129|60.55009199999999|-10.945054945054945|-19.9010989010989|-16.593406593406595|37.85120879120879|-5.91376716
Italy|2020Q2|0.3689342040966676|0.0|57.967032967032964|71.52828147|58.55356129|60.55009199999999|-29.21978021978022|-51.8021978021978|-41.83516483516483|77.35978021978022|-12.60605581
Italy|2020Q3|0.01861268848278546|0.0|75.0|71.52828147|58.553561290000005|60.550092|-5.869565217391305|-7.043478260869565|-23.282608695652176|66.47445652173913|16.02293557
Italy|2020Q4|0.631969480834784|0.0|75.0|71.52828147|58.553561290000005|60.54913260869565|-6.1521739130434785|-30.717391304347824|-26.58695652173913|76.83315217391304|-1.5728200299999997
Italy|2021Q1|0.58197049550007|0.003035303530683856|75.0|71.52828147|58.55356129|60.461828|-9.78888888888889|-40.36666666666667|-27.566666666666666|77.31388888888888|0.23608882
Italy|2021Q2|0.3013471574164116|0.02426870057584101|75.0|71.52828147|58.55356129|60.461828|4.912087912087912|-19.9010989010989|-19.054945054945055|73.32142857142857|2.68849848
Italy|2021Q3|0.05548955615433924|0.0849431810100085|75.0|71.52828147|58.553561290000005|60.461828|15.108695652173912|2.119565217391304|-19.76086956521739|66.6266304347826|2.62258676
Italy|2021Q4|0.10719159863972358|0.11161356219663092|75.0|71.52828147|58.553561290000005|60.461828|16.782608695652176|-7.467391304347826|-15.869565217391305|73.15021739130435|0.68854719
Japan|2020Q1|0.0005311390157280568|0.0|8.791208791208792|82.27121845|71.67305731|126.14400000000002|3.5934065934065935|-2.989010989010989|-0.6153846153846154|21.733516483516482|0.54656812
Japan|2020Q2|0.00719019533231862|0.0|75.27472527472527|82.27121845|71.67305731|126.14400000000002|-0.7692307692307693|-24.318681318681318|-20.46153846153846|38.54186813186813|-8.00108716
Japan|2020Q3|0.004764396245560629|0.0|100.0|82.27121845|71.67305731|126.14399999999999|0.06521739130434782|-10.130434782608695|-16.032608695652176|31.655869565217387|5.458417
Japan|2020Q4|0.015198441897651318|0.0|87.77173913043478|82.27121845|71.67305731|126.13864130434784|0.6413043478260869|-7.108695652173913|-11.097826086956522|38.28695652173913|1.6376754
Japan|2021Q1|0.04523640878305783|3.4221773006183792e-06|92.22222222222223|82.27121845|71.67305731|125.651|-3.888888888888889|-16.844444444444445|-15.922222222222222|47.64033333333334|-0.35594011
Japan|2021Q2|0.04462360028969129|0.002463251386777662|100.0|82.27121845|71.67305731|125.651|2.78021978021978|-14.54945054945055|-14.098901098901099|49.23417582417583|0.45782295
Japan|2021Q3|0.022809209636214595|0.029551456017063136|100.0|82.27121845|71.67305731|125.651|5.956521739130435|-13.478260869565217|-16.22826086956522|51.27478260869565|-0.53979334
Japan|2021Q4|0.005889328377808374|0.05549468732894279|100.0|82.27121845|71.67305731|125.64805434782608|6.923913043478261|-3.652173913043478|-10.619565217391305|47.22|0.9819211000000001
Kazakhstan|2020Q1|0.00010734348019048528|0.0|5.21978021978022|62.94170651|55.61505877999999|18.631779|2.4395604395604398|0.0989010989010989|-0.7032967032967034|18.2978021978022|0.19332268999999996
Kazakhstan|2020Q2|0.009982943657715132|0.0|30.494505494505493|62.94170651|55.61505877999999|18.631779|-18.439560439560438|-33.15384615384615|-34.07692307692308|86.09648351648352|-6.41604193
Kazakhstan|2020Q3|0.10127857355972286|0.0|31.38586956521739|62.94170651|55.61505878|18.631779|-3.880434782608696|-19.23913043478261|-28.66304347826087|80.66619565217391|1.8981865
Kazakhstan|2020Q4|0.036174752824193544|0.0|24.72826086956522|62.94170651|55.61505878|18.634472184782613|-3.717391304347826|-22.57608695652174|-23.76086956521739|71.52695652173914|2.16194479
Kazakhstan|2021Q1|0.1675357550857139|1.1123145294973102e-05|11.666666666666666|62.94170651|55.61505878|18.879552|-8.8|-27.966666666666665|-29.377777777777776|64.3741111111111|1.60745515
Kazakhstan|2021Q2|0.0978307112372158|0.017112694199523378|20.604395604395606|62.94170651|55.61505877999999|18.879552|10.516483516483516|-13.285714285714286|-24.813186813186814|63.93736263736264|1.11262395
Kazakhstan|2021Q3|0.4315780374449563|0.1125572259341747|5.978260869565218|62.94170651|55.61505878|18.879552|15.467391304347826|-9.521739130434783|-28.934782608695652|65.59532608695653|1.21395169
Kazakhstan|2021Q4|0.12203679409341917|0.18960778306603887|0.0|62.94170651|55.61505878|18.879552|15.706521739130435|-7.619565217391305|-12.76086956521739|70.63478260869564|0.47725042
Kenya|2020Q1|2.1024173258025305e-05|0.0|5.769230769230769|54.14461410999999|54.65351858999999|47.564296|-1.1428571428571428|-2.4175824175824174|-1.120879120879121|17.736373626373627|1.58448757
Kenya|2020Q2|0.0030905534689297195|0.0|50.0|54.14461410999999|54.65351858999999|47.564296|-26.34065934065934|-35.62637362637363|-25.186813186813186|88.02461538461539|-6.706837229999999
Kenya|2020Q3|0.011836609544268246|0.0|41.84782608695652|54.14461411|54.65351859|47.564296000000006|-7.119565217391305|-16.032608695652176|-14.23913043478261|74.48641304347827|2.9251166899999994
Kenya|2020Q4|0.020162182154446266|0.0|10.597826086956522|54.14461411|54.65351859|47.564296000000006|11.695652173913043|-3.2282608695652173|-11.021739130434783|51.07782608695652|3.4498074
Kenya|2021Q1|0.010154675683626222|0.0|25.0|54.14461411|54.653518590000004|47.564296000000006|12.21111111111111|-0.044444444444444446|-5.355555555555555|52.59444444444444|2.6474675
Kenya|2021Q2|0.031136800595135475|0.00015663009077228853|44.505494505494504|54.14461410999999|54.65351858999999|47.564296|31.043956043956044|10.340659340659341|1.9120879120879122|70.68384615384615|2.09616979
Kenya|2021Q3|0.03130499398119968|0.002283225215821548|50.0|54.14461411|54.65351859|47.564296000000006|47.641304347826086|29.315217391304348|15.152173913043478|57.8854347826087|1.7388912
Kenya|2021Q4|0.005361164180796452|0.005912838487087037|10.326086956521738|54.14461411|54.65351859|47.564296000000006|53.42391304347826|41.26086956521739|16.16304347826087|43.57565217391304|1.96627486
Latvia|2020Q1|0.0|0.0|14.56043956043956|66.98044354|59.28066449|1.907675|1.098901098901099|-3.78021978021978|-6.395604395604396|15.18142857142857|-1.2675388
Latvia|2020Q2|0.015725949126554575|0.0|68.13186813186813|66.98044354|59.28066449|1.907675|-0.7362637362637363|-16.967032967032967|-28.21978021978022|62.39087912087912|-7.38204116
Latvia|2020Q3|0.0036693881295294007|0.0|50.0|66.98044354|59.28066448999999|1.907675|10.48913043478261|5.891304347826087|-18.119565217391305|44.938804347826085|5.54541628
Latvia|2020Q4|0.3135065993373622|0.0|77.17391304347827|66.98044354|59.28066448999999|1.9075179130434783|-5.771739130434782|-21.630434782608695|-24.445652173913043|47.56304347826087|1.8624689700000001
Latvia|2021Q1|0.6676445405533314|0.030746510051906192|100.0|66.98044354|59.28066449|1.893223|-14.11111111111111|-37.666666666666664|-32.25555555555555|57.057555555555545|0.02325147
Latvia|2021Q2|0.32431467397131764|0.5259338176221184|81.5934065934066|66.98044354|59.28066449|1.893223|8.967032967032967|-13.219780219780219|-23.175824175824175|52.879120879120876|2.41158119
Latvia|2021Q3|0.10775275812727818|1.8632406219446942|0.0|66.98044354|59.28066448999999|1.8932230000000003|20.684782608695652|3.869565217391304|-16.934782608695652|40.46021739130435|0.45674260000000005
Latvia|2021Q4|0.9787984843655233|2.8422575215689503|36.41304347826087|66.98044354|59.28066448999999|1.8930331521739132|4.956521739130435|-24.565217391304348|-24.619565217391305|54.81021739130435|-0.17659315
Lithuania|2020Q1|0.0014315931126055352|0.0|4.1208791208791204|68.35161275|63.26348941|2.79409|-1.2087912087912087|-10.45054945054945|-8.956043956043956|17.683736263736265|0.73163737
Lithuania|2020Q2|0.020400201854628878|0.0|71.7032967032967|68.35161275|63.26348941|2.79409|1.3846153846153846|-36.21978021978022|-29.52747252747253|66.31186813186814|-5.8637539
Lithuania|2020Q3|0.005726372450422141|0.0|72.01086956521739|68.35161275|63.26348941|2.79409|23.804347826086957|-14.065217391304348|-17.195652173913043|27.91717391304348|3.88160992
Lithuania|2020Q4|0.6166473345029433|0.0|62.5|68.35161275|63.26348941|2.794107282608696|10.076086956521738|-40.608695652173914|-25.619565217391305|56.456304347826084|1.5554035600000002
Lithuania|2021Q1|0.6352658387226007|0.06828392376809936|62.5|68.35161275|63.26348941|2.79568|5.888888888888889|-55.333333333333336|-29.91111111111111|68.59133333333334|1.68701962
Lithuania|2021Q2|0.28937503576947293|0.5881932123848224|71.29120879120879|68.35161275|63.26348941|2.79568|36.18681318681319|-22.86813186813187|-15.098901098901099|47.47604395604395|1.1954786
Lithuania|2021Q3|0.21926686888342015|1.6293960682195388|100.0|68.35161275|63.26348941|2.79568|50.55434782608695|-4.369565217391305|-9.08695652173913|33.09217391304348|0.7187624399999999
Lithuania|2021Q4|0.8581108511105385|2.0461772857051073|77.71739130434783|68.35161275|63.26348941|2.795672184782609|42.66304347826087|-16.184782608695652|-5.032608695652174|50.0|1.12137723
Luxembourg|2020Q1|0.036734876411098405|0.0|16.483516483516482|77.02812605|75.89938924|0.626108|-4.516483516483516|-16.78021978021978|-14.637362637362637|17.01241758241758|-1.6413834000000003
Luxembourg|2020Q2|0.13895366294632877|0.0|100.0|77.02812605|75.89938924|0.626108|-26.505494505494507|-51.83516483516483|-45.97802197802198|58.48626373626374|-6.04278325
Luxembourg|2020Q3|0.02236035955458164|0.0|100.0|77.02812605|75.89938924|0.626108|-9.554347826086957|-16.619565217391305|-30.891304347826086|39.37097826086956|8.30793334
Luxembourg|2020Q4|0.5925495281964135|0.0|86.41304347826087|77.02812605|75.89938924|0.6262017173913044|-7.445652173913044|-30.98913043478261|-28.77173913043478|55.93891304347826|1.21641703
Luxembourg|2021Q1|0.3954437319805271|0.15133993981693003|62.5|77.02812605|75.89938924|0.63473|-8.044444444444444|-43.93333333333333|-29.466666666666665|54.9298888888889|2.08333333
Luxembourg|2021Q2|0.11343405857608747|0.07995525656578388|62.5|77.02812605|75.89938924|0.63473|8.802197802197803|-20.846153846153847|-20.384615384615383|46.09417582417582|0.84318105
Luxembourg|2021Q3|0.026783041608242873|0.0|23.369565217391305|77.02812605|75.89938924|0.63473|8.597826086956522|-7.3478260869565215|-21.891304347826086|38.60554347826087|0.88661433
Luxembourg|2021Q4|0.12595972549794066|0.0|25.0|77.02812605|75.89938924|0.6348459456521739|15.402173913043478|-7.108695652173913|-17.347826086956523|45.30282608695652|0.98077849
Malaysia|2020Q1|0.001475878608984411|0.0|0.0|74.60161301|68.57034785|32.523|-8.131868131868131|-14.901098901098901|-7.978021978021978|24.713076923076926|-0.93837523
Malaysia|2020Q2|0.002244565384497125|0.0|73.62637362637362|74.60161301|68.57034785|32.523|-22.483516483516482|-57.1978021978022|-39.65934065934066|70.22648351648351|-15.08874729
Malaysia|2020Q3|0.00046121206530762846|0.0|75.0|74.60161301|68.57034785|32.523|0.29347826086956524|-19.48913043478261|-16.532608695652176|58.59847826086957|18.08991138
Malaysia|2020Q4|0.01029994229696925|0.0|75.0|74.60161301|68.57034785|32.523663043478265|-5.869565217391305|-29.83695652173913|-22.097826086956523|69.77076086956522|-3.06664849
Malaysia|2021Q1|0.02458261723545298|0.00011109747115148538|75.0|74.60161301|68.57034785|32.584|-4.655555555555556|-34.17777777777778|-26.211111111111112|73.69155555555555|2.39091207
Malaysia|2021Q2|0.11962926589737292|0.00770347409771667|74.17582417582418|74.60161301|68.57034785|32.584|-0.6263736263736264|-40.42857142857143|-30.23076923076923|70.47747252747253|-0.8336718799999999
Malaysia|2021Q3|0.6495519273262951|0.09489810950159587|75.0|74.60161301|68.57034785|32.584|-1.7282608695652173|-45.68478260869565|-36.08695652173913|74.43597826086956|-2.71591119
Malaysia|2021Q4|0.15811441198134052|0.20689510189049837|75.0|74.60161301|68.57034785|32.584|16.043478260869566|-14.282608695652174|-19.23913043478261|56.40565217391304|4.58972154
Malta|2020Q1|0.0|0.0|10.989010989010989|68.54611914|61.34331245|0.4403770000000001|0.12087912087912088|-8.252747252747254|-8.010989010989011|18.773846153846154|-3.5
Malta|2020Q2|0.020437034631690575|0.0|62.5|68.54611914|61.34331245|0.4403770000000001|-16.494505494505493|-43.24175824175824|-39.05494505494506|74.96989010989012|-13.9
Malta|2020Q3|0.05904032226932832|0.0|62.5|68.54611914|61.34331244999999|0.440377|-5.239130434782608|-5.032608695652174|-21.57608695652174|38.36358695652174|5.8
Malta|2020Q4|0.41780589106078875|0.0|62.5|68.54611914|61.34331244999999|0.44038963043478263|-4.228260869565218|-15.467391304347826|-20.608695652173914|50.92695652173913|4.6
Malta|2021Q1|0.391811368871153|0.7478841053678158|62.5|68.54611914|61.34331245|0.44153899999999996|-6.2555555555555555|-27.855555555555554|-23.8|57.635333333333335|4.9
Malta|2021Q2|0.06341455681151609|6.574209752705877|62.5|68.54611914|61.34331245|0.44153900000000007|11.54945054945055|-11.68131868131868|-16.483516483516482|61.60978021978022|0.19999999999999998
Malta|2021Q3|0.08379780721521768|14.967919028670174|62.5|68.54611914|61.34331244999999|0.441539|20.347826086956523|20.847826086956523|-10.902173913043478|44.68630434782609|3.7
Malta|2021Q4|0.04303130640781449|15.737182898905873|62.5|68.54611914|61.34331244999999|0.441539|21.17391304347826|13.630434782608695|-10.467391304347826|43.52|2.5
Mexico|2020Q1|0.00023023151255244437|0.0|0.0|64.94521088|48.28651686|125.960168|1.1428571428571428|-1.978021978021978|-0.9230769230769231|6.848351648351649|-0.99920218
Mexico|2020Q2|0.22022835028292437|0.0|0.0|64.94521088|48.28651686|125.960168|-18.681318681318682|-53.24175824175824|-37.94505494505494|78.81725274725275|-17.83934892
Mexico|2020Q3|0.39597438453718165|0.0|0.0|64.94521088|48.28651686|125.96016799999998|-10.467391304347826|-34.81521739130435|-26.945652173913043|71.66760869565218|13.61506294
Mexico|2020Q4|0.3822810719334303|0.0|68.47826086956522|64.94521088|48.28651686|125.97355558695652|-2.358695652173913|-27.684782608695652|-21.66304347826087|71.92086956521739|3.60828537
Mexico|2021Q1|0.6085532571880837|0.00013672262241128607|46.666666666666664|64.94521088|48.28651686|127.19182599999999|-3.4555555555555557|-30.866666666666667|-22.644444444444446|61.87188888888889|0.38052985
Mexico|2021Q2|0.2345826845822624|0.005154812385506597|25.0|64.94521088|48.28651686|127.191826|15.67032967032967|-13.32967032967033|-11.010989010989011|44.77604395604396|1.20045389
Mexico|2021Q3|0.3495507643706601|0.016488402328621338|25.0|64.94521088|48.28651686|127.191826|23.195652173913043|-6.5|-6.869565217391305|52.86728260869565|-0.61882372
Mexico|2021Q4|0.17232427546730664|0.021574735470815554|25.0|64.94521088|48.28651686|127.2048419130435|35.33695652173913|7.173913043478261|-0.16304347826086957|37.20021739130435|0.2413513
Mongolia|2020Q1|0.0|0.0|7.6923076923076925|52.614601050000005|49.76453998000001|3.296866|1.1318681318681318|-14.10989010989011|-7.791208791208791|45.924175824175826|-6.356311749999999
Mongolia|2020Q2|0.0|0.0|50.0|52.614601050000005|49.76453998000001|3.296866|26.593406593406595|3.2637362637362637|3.4285714285714284|72.58912087912087|0.75932768
Mongolia|2020Q3|0.0|0.0|65.48913043478261|52.61460105|49.76453998|3.296866|59.108695652173914|29.195652173913043|-2.739130434782609|57.70271739130435|2.80731191
Mongolia|2020Q4|0.00030331836356103036|0.0|75.0|52.61460105|49.76453998|3.2975255217391304|33.70652173913044|-6.010869565217392|-10.347826086956522|61.93782608695652|3.45746789
Mongolia|2021Q1|0.002084858506609895|0.0|75.0|52.61460105|49.76453998|3.357542|31.844444444444445|-14.466666666666667|-16.0|72.19166666666666|0.87252814
Mongolia|2021Q2|0.14534442160366126|0.5345785696798432|57.142857142857146|52.614601050000005|49.76453998000001|3.357542|79.74725274725274|1.4945054945054945|-7.417582417582418|71.58769230769231|-4.90668315
Mongolia|2021Q3|0.21086854609711508|1.3591430874133519|46.19565217391305|52.61460105|49.76453998|3.357542|130.02173913043478|46.71739130434783|9.565217391304348|54.79076086956522|0.17905378
Mongolia|2021Q4|0.2329039023297327|1.2605343128232176|50.0|52.61460105|49.76453998|3.3581115326086954|164.7173913043478|82.53260869565217|54.630434782608695|37.25086956521739|0.47688716
Morocco|2020Q1|0.001011605361508416|0.0|2.4725274725274726|60.00894419000001|60.01721477|35.587|-9.527472527472527|-12.56043956043956|-5.318681318681318|19.109010989010986|-2.70636586
Morocco|2020Q2|0.005395228594711552|0.0|70.6043956043956|60.00894419000001|60.01721477|35.587|-43.824175824175825|-69.15384615384616|-48.43956043956044|89.12384615384615|-12.65257872
Morocco|2020Q3|0.05524489279793183|0.0|75.0|60.00894419000001|60.01721477|35.587|-2.5652173913043477|-19.42391304347826|-21.793478260869566|70.15076086956522|9.4309376
Morocco|2020Q4|0.1459521735465198|0.0|53.26086956521739|60.00894419000001|60.01721477|35.587|22.130434782608695|-22.967391304347824|-13.554347826086957|68.73923913043478|1.92675706
Morocco|2021Q1|0.040183212971028746|0.003606373113777503|37.22222222222222|60.00894419000001|60.01721477|35.587|31.677777777777777|-21.655555555555555|-12.244444444444444|76.294|4.70273652
Morocco|2021Q2|0.013431871188917302|0.02743136538623655|1.2362637362637363|60.00894419000001|60.01721477|35.587|57.46153846153846|-16.824175824175825|-12.054945054945055|70.93241758241757|-2.19330817
Morocco|2021Q3|0.13968584033495376|0.06054963891308624|12.5|60.00894419000001|60.01721477|35.587|87.07608695652173|9.815217391304348|-18.98913043478261|62.34728260869565|4.11193642
Morocco|2021Q4|0.01635428667771939|0.038492427009863155|22.01086956521739|60.00894419000001|60.01721477|35.587|85.41304347826087|12.858695652173912|1.7173913043478262|70.27173913043478|0.9564324
Netherlands|2020Q1|0.05974407133442117|0.0|9.478021978021978|82.39217021|78.56699484|17.407585|-0.3076923076923077|-7.824175824175824|-9.219780219780219|16.18813186813187|-1.46054788
Netherlands|2020Q2|0.29251616464891594|0.0|87.5|82.39217021|78.56699484|17.407585|-5.714285714285714|-27.043956043956044|-31.89010989010989|71.15274725274725|-7.88052892
Netherlands|2020Q3|0.018670022292006615|0.0|86.68478260869566|82.39217021|78.56699484|17.407585|-2.6847826086956523|-1.9130434782608696|-24.967391304347824|45.09782608695652|6.2230605
Netherlands|2020Q4|0.29111337403139054|0.0|75.0|82.39217021|78.56699484|17.408322282608697|-5.358695652173913|-31.141304347826086|-25.217391304347824|64.37195652173914|0.0245102
Netherlands|2021Q1|0.2955008507666341|0.0009098496373333623|75.0|82.39217021|78.56699484|17.475415|-6.966666666666667|-48.37777777777778|-27.711111111111112|78.16733333333333|0.07514621
Netherlands|2021Q2|0.07662192857794793|0.010123364738405354|75.0|82.39217021|78.56699484|17.475415|7.824175824175824|-17.01098901098901|-19.835164835164836|67.59131868131868|3.7778866
Netherlands|2021Q3|0.031816125682852164|0.04019017574117696|55.16304347826087|82.39217021|78.56699484|17.475415|10.23913043478261|3.619565217391304|-22.22826086956522|40.52173913043478|1.5242000200000003
Netherlands|2021Q4|0.16067088138928026|0.05268935724977505|50.0|82.39217021|78.56699484|17.476667793478263|8.815217391304348|-13.902173913043478|-21.195652173913043|50.464239130434784|0.70185405
New Zealand|2020Q1|0.00019839695262280772|0.0|8.37912087912088|76.74774398|78.77889223|5.0404|1.032967032967033|-3.3956043956043955|2.032967032967033|23.00362637362637|-1.0112597
New Zealand|2020Q2|0.00436473295770177|0.0|62.5|76.74774398|78.77889223|5.0404|-21.98901098901099|-49.45054945054945|-30.703296703296704|59.51318681318681|-9.2339595
New Zealand|2020Q3|0.0005951908578684232|0.0|85.05434782608695|76.74774398|78.77889223|5.0404|-7.326086956521739|-9.434782608695652|-5.967391304347826|40.21565217391304|13.995094749999998
New Zealand|2020Q4|0.0|0.0|79.21195652173913|76.74774398|78.77889223|5.041088043478261|-0.7065217391304348|4.0978260869565215|-5.206521739130435|23.45782608695652|-1.01534063
New Zealand|2021Q1|0.0003918725630424986|0.00043693790779238595|75.0|76.74774398|78.77889223|5.1037|-0.7555555555555555|-0.9888888888888889|-7.322222222222222|28.444444444444443|1.52151258
New Zealand|2021Q2|0.0|0.06074612536003292|75.0|76.74774398|78.77889223|5.1037|6.791208791208791|9.142857142857142|1.0|22.22|2.3991084
New Zealand|2021Q3|0.0001959362815212493|0.36266238219331076|75.0|76.74774398|78.77889223|5.1037|5.945652173913044|-16.108695652173914|-15.130434782608695|54.46869565217391|-4.25330813
New Zealand|2021Q4|0.003722789348903737|1.1525049903912885|34.78260869565217|76.74774398|78.77889223|5.103863043478261|17.01086956521739|-0.18478260869565216|-12.630434782608695|74.9045652173913|2.46193425
Norway|2020Q1|0.0072658441979439525|0.0|4.945054945054945|78.05486405|76.91870741|5.36758|-1.3626373626373627|-9.791208791208792|-11.10989010989011|19.688241758241755|-1.30141443
Norway|2020Q2|0.03931008014785062|0.0|37.5|78.05486405|76.91870741|5.36758|4.043956043956044|-15.593406593406593|-30.87912087912088|60.20483516483517|-4.77720232
Norway|2020Q3|0.004471288737196278|0.0|37.5|78.05486405|76.91870741|5.36758|8.597826086956522|1.7173913043478262|-28.467391304347824|38.89782608695652|4.51540478
Norway|2020Q4|0.03018119897607488|0.0|37.5|78.05486405|76.91870741|5.367838576086957|3.0869565217391304|-11.282608695652174|-22.456521739130434|48.07445652173914|0.71677372
Norway|2021Q1|0.04395915026406095|0.0362134366985454|37.5|78.05486405|76.91870741|5.391369|-5.633333333333334|-27.011111111111113|-25.144444444444446|68.92533333333333|-0.03618107
Norway|2021Q2|0.022443279248739977|0.2490091106730035|37.5|78.05486405|76.91870741|5.391369|5.912087912087912|-10.813186813186814|-23.021978021978022|61.721318681318685|0.59686853
Norway|2021Q3|0.0124272703278147|0.794987321402041|37.5|78.05486405|76.91870741|5.391369|17.130434782608695|10.826086956521738|-25.097826086956523|42.05826086956522|4.02702898
Norway|2021Q4|0.08235385112760786|1.202383957208242|37.5|78.05486405|76.91870741|5.391737489130435|8.16304347826087|1.0108695652173914|-20.402173913043477|28.844130434782613|0.12115985
Philippines|2020Q1|0.000813935899699123|0.0|0.0|61.86942078|49.98101784|108.116622|-5.571428571428571|-10.252747252747254|-7.450549450549451|30.758571428571432|-3.69709776
Philippines|2020Q2|0.01089564193006326|0.0|27.335164835164836|61.86942078|49.98101784|108.116622|-41.81318681318681|-70.63736263736264|-54.824175824175825|91.77956043956044|-14.46073527
Philippines|2020Q3|0.03919841298778277|0.0|38.31521739130435|61.86942078|49.98101784|108.116622|-23.402173913043477|-49.73913043478261|-37.608695652173914|74.56717391304348|7.71643118
Philippines|2020Q4|0.0345905452102314|0.0|75.0|61.86942078|49.98101784|108.13254007608697|-9.58695652173913|-39.06521739130435|-31.456521739130434|67.86717391304349|2.8241893599999996
Philippines|2021Q1|0.036986310183002837|0.0|18.61111111111111|61.86942078|49.98101784000001|109.581085|-7.111111111111111|-36.87777777777778|-28.68888888888889|66.07022222222221|1.3341639
Philippines|2021Q2|0.1037131545101967|0.00043857934058601445|1.3736263736263736|61.86942078|49.98101784|109.581085|6.131868131868132|-33.142857142857146|-27.86813186813187|72.22967032967034|0.10926898
Philippines|2021Q3|0.12440103143713169|0.004506160894464587|0.0|61.86942078|49.98101784|109.581085|15.467391304347826|-27.945652173913043|-25.956521739130434|72.48510869565217|2.85128676
Philippines|2021Q4|0.1205500018547909|0.01126024623683914|0.0|61.86942078|49.98101784|109.581085|40.04347826086956|-4.228260869565218|-18.141304347826086|59.78130434782609|3.2818545900000005
Poland|2020Q1|0.0008597651184224842|0.0|3.8461538461538463|68.89331151|56.43015796|38.382576|-5.8791208791208796|-7.34065934065934|-6.142857142857143|16.628021978021977|0.3899822600000001
Poland|2020Q2|0.03725648846497431|0.0|37.5|68.89331151|56.43015796|38.382576|-14.32967032967033|-31.582417582417584|-26.35164835164835|72.87241758241758|-9.09472136
Poland|2020Q3|0.027356162858897224|0.0|42.79891304347826|68.89331151|56.430157959999995|38.382576|6.228260869565218|3.217391304347826|-16.293478260869566|37.73913043478261|7.33652503
Poland|2020Q4|0.678501721260164|0.0|75.0|68.89331151|56.430157959999995|38.381298|-3.3152173913043477|-26.391304347826086|-22.358695652173914|63.43184782608695|-0.024028910000000004
Poland|2021Q1|0.6400365869593624|0.003882921730040507|75.0|68.89331151|56.43015796000001|38.265|-6.766666666666667|-32.87777777777778|-19.633333333333333|72.35777777777777|1.3543368
Poland|2021Q2|0.5743107278191559|0.03170861100222135|75.0|68.89331151|56.43015796|38.265|14.197802197802197|-10.307692307692308|-12.582417582417582|63.52241758241758|2.01579837
Poland|2021Q3|0.016437998170652033|0.09392734875212336|92.1195652173913|68.89331151|56.430157959999995|38.265|32.58695652173913|14.108695652173912|-9.554347826086957|40.45847826086956|2.60223366
Poland|2021Q4|0.5594434701556044|0.09824505185257168|100.0|68.89331151|56.430157959999995|38.26298913043478|32.06521739130435|-1.826086956521739|-6.6521739130434785|42.74413043478261|1.7831244
Portugal|2020Q1|0.015540152889851689|0.0|14.835164835164836|70.44752024|64.51166567|10.295909|-4.945054945054945|-11.637362637362637|-10.901098901098901|19.386043956043956|-4.414526
Portugal|2020Q2|0.13753035307518743|0.0|75.0|70.44752024|64.51166567|10.295909|-24.494505494505493|-51.0989010989011|-42.27472527472528|71.04208791208791|-15.249695489999999
Portugal|2020Q3|0.03836475244682135|0.0|75.0|70.44752024|64.51166567|10.295909|-0.13043478260869565|-12.73913043478261|-24.565217391304348|60.99086956521739|14.67263506
Portugal|2020Q4|0.47931491128274456|0.0|75.0|70.44752024|64.51166567|10.295934467391303|-2.891304347826087|-24.695652173913043|-21.92391304347826|65.37793478260869|0.27510552
Portugal|2021Q1|0.96540655637481|0.002559657697248038|75.0|70.44752024|64.51166567|10.298252|-12.7|-54.53333333333333|-36.644444444444446|77.15888888888888|-2.92544247
Portugal|2021Q2|0.02408175678746257|0.02030441671071945|75.0|70.44752024|64.51166567|10.298252|16.285714285714285|-15.725274725274724|-16.846153846153847|66.27098901098901|4.35657285
Portugal|2021Q3|0.08535429119427258|0.07945911597424495|75.0|70.44752024|64.51166567|10.298252|36.94565217391305|7.315217391304348|-19.043478260869566|58.26315217391304|2.72527227
Portugal|2021Q4|0.09516178085368274|0.11168400229475837|75.0|70.44752024|64.51166567|10.298252|35.23913043478261|2.8152173913043477|-14.5|42.97380434782609|1.7346553799999997
Romania|2020Q1|0.004242365733522108|0.0|5.906593406593407|64.35562053|58.07242453|19.328838|-1.4395604395604396|-6.549450549450549|-3.923076923076923|20.615714285714287|-0.39354865
Romania|2020Q2|0.08117404677922181|0.0|87.5|64.35562053|58.07242453|19.328838|-19.296703296703296|-42.043956043956044|-32.42857142857143|71.60274725274725|-10.58974578
Romania|2020Q3|0.16421059558779477|0.0|87.5|64.35562053|58.07242452999999|19.328838|2.2717391304347827|-7.869565217391305|-20.434782608695652|42.99402173913044|4.84049257
Romania|2020Q4|0.5661557390678372|0.0|86.68478260869566|64.35562053|58.07242452999999|19.327455652173914|-2.5217391304347827|-27.02173913043478|-26.48913043478261|64.51184782608696|5.5001552
Romania|2021Q1|0.40470455109562914|0.009635103461356626|76.11111111111111|64.35562053|58.07242453|19.201662|-3.7222222222222223|-29.444444444444443|-22.677777777777777|72.57155555555555|1.06266973
Romania|2021Q2|0.5337038012647031|0.06994550784197742|87.5|64.35562053|58.07242453|19.201662|13.065934065934066|-11.032967032967033|-16.791208791208792|51.88208791208792|3.2519893200000003
Romania|2021Q3|0.16951657622137084|0.12231180821743451|65.76086956521739|64.35562053|58.07242452999999|19.201662|24.91304347826087|7.913043478260869|-18.76086956521739|46.30652173913043|-2.89334888
Romania|2021Q4|1.1306833752203325|0.16778391370496992|62.5|64.35562053|58.07242452999999|19.201662|12.380434782608695|-15.08695652173913|-19.967391304347824|55.14402173913044|1.01438622
Russia|2020Q1|0.00011584438392218965|0.0|0.0|66.73670163|52.571122040000006|146.74859|6.7032967032967035|5.670329670329671|-2.2527472527472527|17.1132967032967|0.39091653000000004
Russia|2020Q2|0.06329873425018939|0.0|58.379120879120876|66.73670163|52.571122040000006|146.74859|-8.252747252747254|-30.307692307692307|-32.26373626373626|78.909010989011|-8.51977029
Russia|2020Q3|0.07716598844322797|0.0|54.34782608695652|66.73670163|52.57112204|146.74859|5.782608695652174|-2.1630434782608696|-19.5|54.73086956521739|4.72610518
Russia|2020Q4|0.2428867482829343|0.0|37.5|66.73670163|52.57112204|146.74231201086957|-1.9130434782608696|-14.706521739130435|-17.315217391304348|46.55684782608695|1.84206164
Russia|2021Q1|0.28013761825489136|0.00019203533614376282|37.5|66.73670163|52.57112203999999|146.171015|-9.3|-20.2|-20.81111111111111|45.38955555555555|1.90362836
Russia|2021Q2|0.24460389770160654|0.0042944218455348345|39.83516483516483|66.73670163|52.571122040000006|146.171015|7.472527472527473|-4.450549450549451|-18.36263736263736|39.99043956043956|1.35529499
Russia|2021Q3|0.48283170230431793|0.012904610397622264|50.27173913043478|66.73670163|52.57112204|146.171015|10.445652173913043|-1.5108695652173914|-24.706521739130434|45.006956521739134|0.07342764
Russia|2021Q4|0.6781488702049642|0.01913986809937748|75.0|66.73670163|52.57112204|146.16434718478263|6.663043478260869|-8.456521739130435|-16.184782608695652|54.068260869565215|1.39817093
Serbia|2020Q1|0.0023037377424953943|0.0|0.41208791208791207|60.85144707|52.45419188000001|6.945235|-3.5934065934065935|-7.34065934065934|-13.835164835164836|21.205714285714286|-0.27445134
Serbia|2020Q2|0.03758260878587438|0.0|37.5|60.85144707|52.45419188000001|6.944728307692308|-15.87912087912088|-34.043956043956044|-40.604395604395606|66.44340659340659|-9.32863378
Serbia|2020Q3|0.06841446293342084|0.0|54.619565217391305|60.85144707|52.45419188|6.899126000000001|3.489130434782609|-4.9021739130434785|-21.5|53.291739130434784|7.153653730000001
Serbia|2020Q4|0.3568567960637333|0.0|62.5|60.85144707|52.45419188|6.899126000000001|5.891304347826087|-19.52173913043478|-21.054347826086957|56.52358695652174|2.06654552
Serbia|2021Q1|0.30395154400716845|0.05151087253660826|62.5|60.85144706999999|52.45419188|6.899126|2.5444444444444443|-26.144444444444446|-24.27777777777778|56.90344444444444|2.40331033
Serbia|2021Q2|0.2520609132229213|0.15861429404246277|64.42307692307692|60.85144707|52.45419188000001|6.899126|24.45054945054945|-1.9120879120879122|-15.373626373626374|47.201648351648345|1.49313173
Serbia|2021Q3|0.1720507786058698|0.3218799018890219|73.5054347826087|60.85144707|52.45419188|6.899126000000001|31.23913043478261|12.41304347826087|-17.347826086956523|36.75445652173913|1.53853543
Serbia|2021Q4|0.6493576142833164|0.2519217651627177|75.0|60.85144707|52.45419188|6.899126000000001|39.73913043478261|10.01086956521739|-3.880434782608696|37.377826086956524|1.6358065300000002
Singapore|2020Q1|0.0005259864481344927|0.0|0.0|84.78381685|80.3637974|5.703569|-7.681318681318682|-13.571428571428571|-4.978021978021978|27.96142857142857|-0.05056298
Singapore|2020Q2|0.0040325627690311104|0.0|74.45054945054945|84.78381685|80.3637974|5.703373813186813|-15.593406593406593|-55.73626373626374|-50.967032967032964|68.36615384615385|-12.64680824
Singapore|2020Q3|0.000175876529048559|0.0|100.0|84.78381685|80.3637974|5.685807|-2.130434782608696|-22.880434782608695|-25.22826086956522|51.291956521739124|9.22896543
Singapore|2020Q4|0.000351753058097118|0.0|100.0|84.78381685|80.3637974|5.685807|3.369565217391304|-15.097826086956522|-16.706521739130434|46.51826086956521|3.7761865199999995
Singapore|2021Q1|0.000175876529048559|0.03043719211714362|100.0|84.78381685|80.3637974|5.685807|3.011111111111111|-15.177777777777777|-12.544444444444444|50.06511111111111|2.97661304
Singapore|2021Q2|0.001055259174291354|0.319779817083479|100.0|84.78381685|80.3637974|5.683254901098901|2.956043956043956|-25.021978021978022|-18.065934065934066|54.60967032967032|-0.80258477
Singapore|2021Q3|0.010818609328281714|0.9796250746759092|100.0|84.78381685|80.3637974|5.453566|3.858695652173913|-22.304347826086957|-14.923913043478262|51.291956521739124|1.49455198
Singapore|2021Q4|0.1344074684344152|1.3419953109580043|100.0|84.78381685|80.3637974|5.453566|4.195652173913044|-15.25|-17.934782608695652|49.83043478260869|2.29575892
Slovakia|2020Q1|0.0|0.0|8.928571428571429|66.77227703|56.28049487|5.457873|-1.7252747252747254|-8.604395604395604|-8.648351648351648|18.63131868131868|-3.87287133
Slovakia|2020Q2|0.005130203652595067|0.0|87.5|66.77227703|56.28049487|5.457873|-16.36263736263736|-40.76923076923077|-27.593406593406595|64.70461538461538|-7.212567910000001
Slovakia|2020Q3|0.003664431180425048|0.0|87.5|66.77227703|56.28049486999999|5.457873|0.7065217391304348|1.2282608695652173|-18.75|35.290217391304346|9.06418503
Slovakia|2020Q4|0.3829283842051015|0.0|87.5|66.77227703|56.28049486999999|5.457893739130435|-8.097826086956522|-35.54347826086956|-26.22826086956522|63.31391304347826|0.43077782
Slovakia|2021Q1|1.3885172317351189|0.005069800418734743|87.5|66.77227703|56.28049486999999|5.459781|-10.9|-55.91111111111111|-31.3|71.4828888888889|-1.42009035
Slovakia|2021Q2|0.5111926650537814|0.03785499821329829|94.50549450549451|66.77227703|56.28049487|5.459781|14.791208791208792|-11.175824175824175|-12.989010989010989|58.77505494505494|1.9002966099999998
Slovakia|2021Q3|0.023261006256478048|0.09479867415927487|100.0|66.77227703|56.28049486999999|5.459781|22.82608695652174|12.054347826086957|-16.032608695652176|39.62195652173913|0.35889889
Slovakia|2021Q4|0.7322950631113903|0.10946592912792655|94.29347826086956|66.77227703|56.28049486999999|5.459508510869566|18.42391304347826|-16.608695652173914|-18.434782608695652|44.75554347826087|0.35336616
Slovenia|2020Q1|0.007156963176470194|0.0|7.6923076923076925|70.2007865|63.35340049999999|2.095861|-5.615384615384615|-9.527472527472527|-6.934065934065934|15.68945054945055|-4.52233591
Slovenia|2020Q2|0.04580456432940924|0.0|75.0|70.2007865|63.35340049999999|2.095861|-27.967032967032967|-33.65934065934066|-30.681318681318682|61.89747252747253|-9.45065964
Slovenia|2020Q3|0.018608104258822505|0.0|55.16304347826087|70.2007865|63.3534005|2.095861|-12.41304347826087|-2.5|-20.967391304347824|47.895543478260876|11.77865433
Slovenia|2020Q4|1.21515739253334|0.0|74.72826086956522|70.2007865|63.3534005|2.0960035652173916|-26.130434782608695|-50.55434782608695|-31.51086956521739|74.34652173913044|-0.2606883
Slovenia|2021Q1|0.6401207789368969|0.09444863552328926|75.0|70.2007865|63.353400500000006|2.108977|-23.988888888888887|-50.58888888888889|-25.3|72.56033333333333|1.62936397
Slovenia|2021Q2|0.1763888368626116|0.695963019037192|74.03846153846153|70.2007865|63.35340049999999|2.108977|-6.582417582417582|-17.67032967032967|-15.703296703296703|52.68901098901099|1.98454055
Slovenia|2021Q3|0.06733122267336249|1.7944339838699048|53.80434782608695|70.2007865|63.3534005|2.108977|2.3260869565217392|5.510869565217392|-16.5|47.72445652173913|1.25597739
Slovenia|2021Q4|0.4874425452677586|2.2761926004870427|70.5163043478261|70.2007865|63.3534005|2.108957467391304|2.7065217391304346|-5.891304347826087|-12.054347826086957|58.203043478260874|5.22841806
South Africa|2020Q1|8.542210744983796e-05|0.0|0.0|62.43585799|57.07267901|58.532857|-2.3076923076923075|-3.8131868131868134|-3.5274725274725274|14.561758241758241|0.00079487
South Africa|2020Q2|0.04527767056727069|0.0|37.637362637362635|62.43585799|57.07267901|58.541868901098894|-26.846153846153847|-51.934065934065934|-44.94505494505494|83.32230769230769|-17.09418338
South Africa|2020Q3|0.23717443483001854|0.0|75.0|62.43585799|57.07267901|59.35294|-7.695652173913044|-23.554347826086957|-25.402173913043477|73.49021739130436|13.76496735
South Africa|2020Q4|0.19771556387939673|0.0|75.0|62.43585799|57.07267901|59.35294|2.641304347826087|-12.945652173913043|-20.956521739130434|45.57326086956522|2.6969504
South Africa|2021Q1|0.4107125948605074|0.00012316154852649256|75.0|62.43585799|57.072679009999995|59.35294|-1.5|-19.366666666666667|-23.122222222222224|57.19111111111111|0.82292431
South Africa|2021Q2|0.13136823991047472|0.0002535678940251317|62.637362637362635|62.43585799|57.07267901|59.35966502197802|17.021978021978022|-5.956043956043956|-12.934065934065934|46.80538461538462|1.38791248
South Africa|2021Q3|0.44991307167155753|0.00702944356614385|46.46739130434783|62.43585799|57.07267901|59.96491700000001|21.608695652173914|-4.663043478260869|-12.652173913043478|56.19815217391304|-1.8016765699999997
South Africa|2021Q4|0.05868431369629011|0.021618974307927415|50.0|62.43585799|57.07267901|59.96491700000001|36.17391304347826|12.41304347826087|-8.706521739130435|51.290217391304346|1.36940355
South Korea|2020Q1|0.003129538434421739|0.0|4.670329670329671|79.61901693|65.76120094|51.764822|-2.076923076923077|-12.989010989010989|-3.032967032967033|32.99901098901099|-1.33745572
South Korea|2020Q2|0.002318176618090177|0.0|50.0|79.61901693|65.76120094|51.764822|8.274725274725276|-7.450549450549451|-5.626373626373627|54.502417582417586|-3.0269357600000006
South Korea|2020Q3|0.0025693124183832797|0.0|50.0|79.61901693|65.76120094|51.764822|7.9021739130434785|-11.521739130434783|-8.945652173913043|52.62065217391305|2.34778554
South Korea|2020Q4|0.009697253056797141|0.0|50.0|79.61901693|65.76120094|51.76559827173914|6.695652173913044|-15.347826086956522|-8.032608695652174|57.47271739130434|1.21374285
South Korea|2021Q1|0.01578046586288793|2.48860647470971e-05|50.0|79.61901693|65.76120094|51.836239000000006|12.6|-11.022222222222222|-11.422222222222222|62.20611111111111|1.7240672400000001
South Korea|2021Q2|0.005517375595092846|0.005572935181504969|50.0|79.61901693|65.76120094|51.83623899999999|25.065934065934066|4.076923076923077|-1.7802197802197801|53.020879120879115|0.83334793
South Korea|2021Q3|0.009182764976448234|0.04348000633302119|50.0|79.61901693|65.76120094|51.836239|27.27173913043478|2.8152173913043477|-7.021739130434782|47.578804347826086|0.21323898000000002
South Korea|2021Q4|0.060345995971896146|0.13154919080447378|50.0|79.61901693|65.76120094|51.83524592391304|23.891304347826086|9.630434782608695|-0.3804347826086957|47.77065217391304|1.33777574
Spain|2020Q1|0.17837425063162798|0.0|10.164835164835164|75.27940537|65.06584941|47.45079500000001|-8.45054945054945|-16.65934065934066|-12.615384615384615|21.285714285714285|-5.39116776
Spain|2020Q2|0.419192133661828|0.0|86.53846153846153|75.27940537|65.06584941|47.45079500000001|-30.956043956043956|-62.010989010989015|-47.86813186813187|72.71230769230769|-17.65213176
Spain|2020Q3|0.07241185316283953|0.0|87.5|75.27940537|65.06584941|47.450795|-4.967391304347826|-18.98913043478261|-24.619565217391305|61.100434782608694|16.7984866
Spain|2020Q4|0.40138853661429774|0.0|87.5|75.27940537|65.06584941|47.450081000000004|-1.141304347826087|-32.06521739130435|-22.815217391304348|69.78858695652174|0.22263125000000003
Spain|2021Q1|0.5196147388672142|0.002666449608312587|87.5|75.27940537|65.06584941|47.385107|-4.4|-40.355555555555554|-25.3|70.598|-0.50283404
Spain|2021Q2|0.11429751546197839|0.023727497333708672|87.5|75.27940537|65.06584941|47.385107000000005|7.373626373626373|-21.417582417582416|-17.087912087912088|62.33604395604396|1.12856255
Spain|2021Q3|0.11691437142898085|0.08568409479375029|87.5|75.27940537|65.06584941|47.385107000000005|16.391304347826086|-8.543478260869565|-22.456521739130434|46.973369565217396|2.60588199
Spain|2021Q4|0.06309999468820446|0.09648010291503616|87.5|75.27940537|65.06584941|47.385107000000005|13.771739130434783|-11.717391304347826|-18.630434782608695|42.64108695652174|2.22215443
Sweden|2020Q1|0.03727878791458491|0.0|8.653846153846153|81.24718776|75.20290607|10.327589|-0.25274725274725274|-3.4065934065934065|-6.34065934065934|13.788571428571428|-0.14574769
Sweden|2020Q2|0.4791050457178341|0.0|37.5|81.24718776|75.20290607|10.327589|-0.34065934065934067|-11.780219780219781|-25.13186813186813|63.71219780219781|-8.06286879
Sweden|2020Q3|0.0542236915121235|0.0|62.5|81.24718776|75.20290607|10.327589|0.40217391304347827|-1.2717391304347827|-27.891304347826086|57.45021739130435|7.38675924
Sweden|2020Q4|0.27441061025956787|0.0|62.5|81.24718776|75.20290607|10.32815102173913|-4.543478260869565|-17.684782608695652|-23.72826086956522|60.8495652173913|-0.08247144
Sweden|2021Q1|0.45648572470480897|0.002156215812345636|38.888888888888886|81.24718776|75.20290607|10.379295|-8.78888888888889|-25.9|-25.6|69.44|1.60309223
Sweden|2021Q2|0.11214634519974623|0.016691885142488|38.04945054945055|81.24718776|75.20290607|10.379295|5.0989010989010985|-8.296703296703297|-21.054945054945055|61.87406593406593|0.76070965
Sweden|2021Q3|0.022641229486203063|0.05976610164755891|62.5|81.24718776|75.20290607|10.379295|9.195652173913043|5.815217391304348|-26.467391304347824|38.91108695652174|2.00400519
Sweden|2021Q4|0.04297016319509177|0.08374268194516102|25.0|81.24718776|75.20290607|10.380088815217393|2.032608695652174|-3.4565217391304346|-19.41304347826087|22.33858695652174|1.15405573
Switzerland|2020Q1|0.05635581457798268|0.0|8.516483516483516|82.32511823|77.513784|8.606033|-2.087912087912088|-13.604395604395604|-9.648351648351648|17.582307692307694|-1.5868483400000002
Switzerland|2020Q2|0.15384556392010118|0.0|54.25824175824176|82.32511823|77.513784|8.606033|-5.208791208791209|-43.065934065934066|-30.615384615384617|59.6567032967033|-6.13672573
Switzerland|2020Q3|0.01150355802725832|0.0|30.97826086956522|82.32511823|77.513784|8.606033|-0.9239130434782609|-10.793478260869565|-20.543478260869566|41.75978260869565|6.29632332
Switzerland|2020Q4|0.6930521009736225|0.0|37.5|82.32511823|77.513784|8.606731554347826|-3.141304347826087|-25.41304347826087|-22.27173913043478|50.06239130434783|0.03884659
Switzerland|2021Q1|0.2795751012075707|0.02251940532622862|37.5|82.32511823|77.513784|8.6703|-3.1666666666666665|-44.644444444444446|-24.066666666666666|60.18999999999999|-0.23740064999999996
Switzerland|2021Q2|0.054900061128219324|0.1904651511481725|37.5|82.32511823|77.513784|8.6703|11.406593406593407|-20.846153846153847|-17.615384615384617|51.61076923076923|1.9739630399999997
Switzerland|2021Q3|0.03621558654256485|0.5439742569461264|37.5|82.32511823|77.513784|8.6703|11.521739130434783|-6.695652173913044|-16.76086956521739|45.527826086956516|1.87079131
Switzerland|2021Q4|0.13032036216140536|0.6829361618522531|37.5|82.32511823|77.513784|8.671019673913042|11.793478260869565|-9.228260869565217|-16.717391304347824|50.36260869565217|0.1576698
Taiwan|2020Q1|0.00021183639231438925|0.0|6.043956043956044|80.24103836|68.62811795|23.603121|-1.5824175824175823|-9.142857142857142|31.0|23.198461538461537|-0.58
Taiwan|2020Q2|8.47345569257557e-05|0.0|34.752747252747255|80.24103836|68.62811795|23.603121|3.6043956043956045|-10.076923076923077|0.2857142857142857|27.911648351648353|-0.22
Taiwan|2020Q3|0.0|0.0|37.5|80.24103836|68.62811795|23.603121|5.934782608695652|-4.521739130434782|-3.9782608695652173|23.15|4.19
Taiwan|2020Q4|0.0|0.0|37.5|80.24103836|68.62811795|23.60266572826087|2.608695652173913|-8.152173913043478|-0.4673913043478261|21.899891304347825|1.8700000000000003
Taiwan|2021Q1|0.0001273277853504799|0.0|37.5|80.24103836|68.62811795|23.561236000000005|-1.7|-11.833333333333334|-8.8|23.764444444444447|2.9299999999999997
Taiwan|2021Q2|0.027078375684535395|0.0|29.25824175824176|80.24103836|68.62811795|23.561236000000005|-2.2527472527472527|-29.23076923076923|-13.813186813186814|48.54615384615384|-0.9300000000000002
Taiwan|2021Q3|0.008233863452664367|0.0|12.907608695652174|80.24103836|68.62811795|23.561236000000005|3.4565217391304346|-30.880434782608695|-12.804347826086957|60.30391304347826|0.45
Taiwan|2021Q4|0.0003395407609346131|0.0|50.54347826086956|80.24103836|68.62811795|23.559215108695653|7.076086956521739|-11.478260869565217|-0.4891304347826087|30.595652173913045|2.42
Thailand|2020Q1|0.00015024278859029216|0.0|0.0|68.11241715|54.82845466|66.558935|-0.945054945054945|-8.384615384615385|0.0|12.23054945054945|-1.63728594
Thailand|2020Q2|0.0007211653852334024|0.0|100.0|68.11241715|54.82845466|66.558935|-4.978021978021978|-32.27472527472528|-23.032967032967033|71.45846153846153|-9.1374291
Thailand|2020Q3|1.5024278859029217e-05|0.0|77.44565217391305|68.11241715|54.82845465999999|66.558935|1.2826086956521738|-6.967391304347826|-13.554347826086957|50.15108695652174|6.964417509999999
Thailand|2020Q4|3.0048557718058433e-05|0.0|100.0|68.11241715|54.82845465999999|66.55488926086957|2.9130434782608696|-7.206521739130435|-11.858695652173912|50.08945652173912|-0.05753762
Thailand|2021Q1|0.0004985893924018936|7.554384733362023e-07|63.19444444444444|68.11241715|54.82845466|66.186727|11.555555555555555|-5.555555555555555|-8.866666666666667|52.03677777777778|0.50360844
Thailand|2021Q2|0.029144816301310685|0.0017236084207638792|69.36813186813187|68.11241715|54.82845466|66.186727|11.87912087912088|-14.758241758241759|-18.46153846153846|55.69714285714285|0.43590033000000006
Thailand|2021Q3|0.22215934623871036|0.011195295999453184|75.0|68.11241715|54.82845465999999|66.186727|9.619565217391305|-21.597826086956523|-20.72826086956522|62.62478260869566|-1.04161269
Thailand|2021Q4|0.075105783776588|0.06536469080475779|75.0|68.11241715|54.82845465999999|66.18656082608696|28.608695652173914|5.554347826086956|-12.445652173913043|51.735|1.7178106799999997
United Kingdom|2020Q1|0.036383742665740126|0.0|13.461538461538462|81.20356479|74.420254|67.530161|-4.78021978021978|-15.186813186813186|-10.714285714285714|16.75307692307692|-2.52588439
United Kingdom|2020Q2|0.5630373071374729|0.0|100.0|81.20356479|74.420254|67.530161|-23.10989010989011|-66.74725274725274|-54.505494505494504|74.89956043956043|-19.42832246
United Kingdom|2020Q3|0.02597357942031265|0.0|100.0|81.20356479|74.420254|67.530161|-11.73913043478261|-26.01086956521739|-34.73913043478261|66.20239130434783|17.59576582
United Kingdom|2020Q4|0.464724816654587|0.0|100.0|81.20356479|74.420254|67.53402885869566|-9.66304347826087|-37.77173913043478|-33.72826086956522|69.53902173913043|1.4824395
United Kingdom|2021Q1|0.7856405865338605|0.0019976135287032067|100.0|81.20356479|74.420254|67.886004|-15.833333333333334|-57.733333333333334|-41.8|84.61733333333333|-1.17191261
United Kingdom|2021Q2|0.02134460587781835|0.039826176836097175|100.0|81.20356479|74.420254|67.886004|2.857142857142857|-24.571428571428573|-28.89010989010989|59.52857142857143|5.5557466
United Kingdom|2021Q3|0.12728691469304926|0.0809598396747583|100.0|81.20356479|74.420254|67.886004|5.554347826086956|-9.08695652173913|-27.630434782608695|44.79521739130435|0.93733994
United Kingdom|2021Q4|0.17751818180371906|0.0928820320606881|25.0|81.20356479|74.420254|67.886004|3.7065217391304346|-10.076086956521738|-27.32608695652174|46.02434782608695|1.27523758
United States|2020Q1|0.016180164730320523|0.0|3.434065934065934|83.67331572|71.17103227|331.208|1.8571428571428572|-1.4725274725274726|-5.538461538461538|17.304285714285715|-1.30358275
United States|2020Q2|0.36841803338083623|0.0|62.5|83.67331572|71.17103227|331.208|-6.450549450549451|-28.0989010989011|-37.62637362637363|72.03769230769231|-8.9372505
United States|2020Q3|0.23704137581217846|0.0|62.5|83.67331572|71.17103227|331.208|-3.630434782608696|-14.923913043478262|-30.652173913043477|66.55586956521738|7.54753464
United States|2020Q4|0.4348879458020899|3.0185504484174127e-07|62.5|83.67331572|71.17103227|331.2163695652174|-6.173913043478261|-18.445652173913043|-29.206521739130434|68.50782608695653|1.11527677
United States|2021Q1|0.5974432040677394|0.0018607257107398684|62.5|83.67331572|71.17103227|331.978|-10.0|-19.833333333333332|-27.866666666666667|67.77922222222222|1.53388963
United States|2021Q2|0.15789600515696822|0.010486568387061794|55.21978021978022|83.67331572|71.17103227|331.978|1.5164835164835164|-5.747252747252747|-25.47252747252747|57.13747252747253|1.64074654
United States|2021Q3|0.2885612902059775|0.014669827518690998|35.32608695652174|83.67331572|71.17103227|331.978|3.2934782608695654|-4.869565217391305|-25.82608695652174|55.022499999999994|0.57094811
United States|2021Q4|0.3873107934305381|0.016667897129582634|0.8152173913043478|83.67331572|71.17103227|331.98458695652175|1.9021739130434783|-6.576086956521739|-23.695652173913043|56.8358695652174|1.68077827
